0,0
0.00017,16.1856
0.00033,29.7064
0.00048,43.5207
0.00062,57.6396
0.00076,72.0293
0.00089,86.6549
0.00103,101.487
0.00116,116.5
0.00129,131.675
0.00142,146.994
0.00154,162.445
0.00167,178.014
0.0018,193.693
0.00193,209.472
0.00206,225.344
0.00219,241.303
0.00231,257.342
0.00244,273.456
0.00257,289.642
0.00271,305.894
0.00284,322.21
0.00297,338.586
0.0031,355.018
0.00324,371.504
0.00338,388.042
0.00351,404.629
0.00365,421.263
0.0038,437.941
0.00394,454.663
0.00408,471.427
0.00423,488.23
0.00438,505.072
0.00453,522.486
0.00468,540.551
0.00484,558.66
0.005,576.809
0.00516,594.997
0.00532,613.224
0.00549,631.487
0.00566,649.785
0.00583,668.118
0.00601,686.484
0.00619,704.882
0.00637,723.312
0.00656,741.771
0.00675,760.261
0.00695,778.778
0.00715,797.324
0.00736,815.896
0.00757,834.495
0.00779,853.12
0.00802,871.769
0.00825,890.443
0.00849,910.882
0.00873,931.505
0.00899,952.128
0.00925,972.751
0.00952,993.374
0.00981,1014
0.0101,1034.62
0.01041,1055.24
0.01073,1075.87
0.01107,1096.49
0.01142,1117.11
0.01179,1137.73
0.01218,1158.36
0.0126,1178.98
0.01303,1199.6
0.0135,1220.23
0.014,1240.85
0.01454,1261.47
0.01513,1282.09
0.01577,1302.72
0.01648,1323.34
0.01726,1343.96
0.01815,1364.59
0.01917,1385.21
0.02036,1405.83
0.02181,1426.46
0.02365,1447.08
0.02617,1467.7
0.03014,1488.32
0.035,1499.14
0.03988,1502.72
0.04478,1504.25
0.04971,1505.21
0.05466,1506
0.05963,1506.76
0.06463,1507.5
0.06965,1508.24
0.0747,1508.98
0.07977,1509.73
0.08487,1510.48
0.09,1511.24
0.09515,1512
0.10032,1512.76
0.10552,1513.53
0.11075,1514.3
0.116,1515.08
0.12128,1515.86
0.12658,1516.64
0.13191,1517.43
0.13727,1518.22
0.14265,1519.02
0.14806,1519.82
0.1535,1520.62
0.15897,1521.43
0.16446,1522.25
0.16998,1523.06
0.17552,1523.89
0.1811,1524.71
0.1867,1525.54
0.19233,1526.38
0.19799,1527.21
0.20368,1528.06
0.20939,1528.91
0.21513,1529.76
0.22091,1530.61
0.22671,1531.48
0.23254,1532.34
0.2384,1533.21
0.24429,1534.09
0.25021,1534.97
0.25615,1535.85
0.26213,1536.74
0.26814,1537.63
0.27418,1538.53
0.28025,1539.44
0.28635,1540.34
0.29248,1541.26
0.29864,1542.17
0.30483,1543.1
0.31105,1544.02
0.31731,1544.96
0.32359,1545.89
0.32991,1546.84
0.33626,1547.78
0.34264,1548.73
0.34906,1549.69
0.3555,1550.66
0.36198,1551.62
0.36849,1552.6
0.37504,1553.58
0.38162,1554.56
0.38823,1555.55
0.39487,1556.54
0.40155,1557.54
0.40827,1558.55
0.41501,1559.56
0.42179,1560.57
0.42861,1561.59
0.43546,1562.62
0.44235,1563.65
0.44927,1564.69
0.45622,1565.73
0.46322,1566.78
0.47024,1567.84
0.47731,1568.9
0.4844,1569.97
0.49154,1571.04
0.49871,1572.12
0.50592,1573.2
0.51317,1574.29
0.52045,1575.39
0.52777,1576.49
0.53513,1577.6
0.54252,1578.71
0.54996,1579.83
0.55743,1580.96
0.56494,1582.09
0.57249,1583.23
0.58008,1584.37
0.58771,1585.52
0.59537,1586.68
0.60308,1587.84
0.61083,1589.01
0.61861,1590.19
0.62644,1591.37
0.63431,1592.57
0.64221,1593.76
0.65016,1594.96
0.65815,1596.17
0.66618,1597.39
0.67426,1598.61
0.68237,1599.84
0.69053,1601.08
0.69873,1602.32
0.70697,1603.57
0.71526,1604.83
0.72359,1606.1
0.73196,1607.37
0.74037,1608.65
0.74883,1609.93
0.75734,1611.23
0.76589,1612.53
0.77448,1613.49
0.78312,1613.8
0.7918,1613.93
0.80053,1614
0.80931,1614.06
0.81813,1614.12
0.82699,1614.18
0.83591,1614.24
0.84487,1614.3
0.85388,1614.35
0.86293,1614.41
0.87203,1614.47
0.88118,1614.53
0.89038,1614.59
0.89963,1614.65
0.90892,1614.71
0.91826,1614.77
0.92766,1614.83
0.9371,1614.89
0.94659,1614.95
0.95613,1615.01
0.96572,1615.07
0.97536,1615.13
0.98505,1615.19
0.9948,1615.26
1.00459,1615.32
1.01444,1615.38
1.02433,1615.45
1.03428,1615.51
1.04428,1615.57
1.05434,1615.64
1.06444,1615.7
1.0746,1615.77
1.08482,1615.84
1.09508,1615.9
1.1054,1615.97
1.11578,1616.03
1.12621,1616.1
1.13669,1616.17
1.14723,1616.23
1.15782,1616.3
1.16847,1616.37
1.17918,1616.44
1.18994,1616.51
1.20076,1616.58
1.21163,1616.65
1.22256,1616.72
1.23355,1616.79
1.2446,1616.86
1.2557,1616.93
1.26687,1617
1.27809,1617.08
1.28937,1617.15
1.30071,1617.22
1.31211,1617.29
1.32357,1617.37
1.33509,1617.44
1.34667,1617.51
1.35831,1617.59
1.37002,1617.66
1.38178,1617.74
1.3936,1617.82
1.40549,1617.89
1.41744,1617.97
1.42946,1618.05
1.44153,1618.12
1.45367,1618.2
1.46587,1618.28
1.47814,1618.36
1.49047,1618.44
1.50287,1618.52
1.51533,1618.6
1.52786,1618.68
1.54045,1618.76
1.55311,1618.84
1.56584,1618.92
1.57863,1619
1.59149,1619.09
1.60442,1619.17
1.61742,1619.25
1.63048,1619.34
1.64361,1619.42
1.65682,1619.5
1.67009,1619.59
1.68343,1619.68
1.69684,1619.76
1.71032,1619.85
1.72387,1619.94
1.7375,1620.02
1.75119,1620.11
1.76496,1620.2
1.7788,1620.29
1.79271,1620.38
1.8067,1620.47
1.82076,1620.56
1.83489,1620.65
1.8491,1620.74
1.86338,1620.83
1.87774,1620.92
1.89218,1621.02
1.90669,1621.11
1.92127,1621.2
1.93593,1621.3
1.95067,1621.4
1.96549,1621.49
1.98039,1621.58
1.99536,1621.68
2.01041,1621.78
2.02555,1621.88
2.04076,1621.97
2.05605,1622.07
2.07142,1622.17
2.08687,1622.27
2.10241,1622.37
2.11802,1622.47
2.13372,1622.57
2.1495,1622.67
2.16537,1622.77
2.18132,1622.88
2.19735,1622.98
2.21347,1623.08
2.22967,1623.19
2.24595,1623.29
2.26233,1623.4
2.27878,1623.5
2.29533,1623.61
2.31196,1623.72
2.32868,1623.82
2.34549,1623.93
2.36239,1624.04
2.37938,1624.15
2.39645,1624.26
2.41362,1624.37
2.43087,1624.48
2.44822,1624.59
2.46566,1624.71
2.48319,1624.82
2.50081,1624.93
2.51853,1625.04
2.53634,1625.16
2.55424,1625.27
2.57224,1625.39
2.59033,1625.51
2.60852,1625.62
2.6268,1625.74
2.64519,1625.86
2.66366,1625.98
2.68224,1626.1
2.70091,1626.22
2.71968,1626.34
2.73855,1626.46
2.75752,1626.58
2.7766,1626.71
2.79577,1626.83
2.81504,1626.95
2.83441,1627.08
2.85389,1627.2
2.87347,1627.33
2.89315,1627.46
2.91294,1627.58
2.93283,1627.71
2.95282,1627.84
2.97293,1627.97
2.99313,1628.1
3.01345,1628.23
3.03387,1628.36
3.0544,1628.49
3.07504,1628.63
3.09579,1628.76
3.11664,1628.89
3.13761,1629.03
3.15869,1629.16
3.17988,1629.3
3.20118,1629.44
3.22259,1629.58
3.24412,1629.71
3.26576,1629.85
3.28752,1629.99
3.30939,1630.14
3.33138,1630.28
3.35348,1630.42
3.3757,1630.56
3.39803,1630.71
3.42049,1630.85
3.44306,1631
3.46576,1631.14
3.48857,1631.29
3.5115,1631.44
3.53456,1631.59
3.55774,1631.74
3.58104,1631.89
3.60446,1632.04
3.62801,1632.19
3.65168,1632.34
3.67548,1632.5
3.6994,1632.65
3.72345,1632.81
3.74763,1632.96
3.77194,1633.12
3.79637,1633.27
3.82093,1633.43
3.84563,1633.59
3.87045,1633.75
3.89541,1633.91
3.9205,1634.08
3.94572,1634.24
3.97108,1634.4
3.99656,1634.57
4.02219,1634.73
4.04795,1634.9
4.07385,1635.06
4.09988,1635.23
4.12605,1635.4
4.15237,1635.57
4.17882,1635.74
4.20541,1635.91
4.23214,1636.09
4.25901,1636.26
4.28603,1636.43
4.31319,1636.61
4.34049,1636.78
4.36794,1636.96
4.39554,1637.16
4.42328,1637.49
4.45117,1637.96
4.4792,1638.59
4.50739,1639.38
4.53572,1640.31
4.56421,1641.39
4.59285,1642.61
4.62164,1643.96
4.65058,1645.45
4.67968,1647.06
4.70893,1648.8
4.73834,1650.66
4.7679,1652.63
4.79763,1654.72
4.82751,1656.92
4.85755,1659.22
4.88776,1661.64
4.91812,1664.16
4.94865,1666.78
4.97935,1669.5
5.01021,1672.32
5.04124,1675.24
5.07243,1678.25
5.10379,1681.36
5.13533,1684.55
5.16703,1687.84
5.19891,1691.22
5.23096,1694.68
5.26319,1698.24
5.29559,1701.87
5.32817,1705.6
5.36093,1709.41
5.39387,1713.3
5.42699,1717.27
5.4603,1721.33
5.46428,1700.71
5.46828,1680.08
5.47232,1659.46
5.47643,1638.84
5.48061,1618.21
5.48488,1597.59
5.48927,1576.97
5.49378,1556.35
5.49842,1535.72
5.50322,1515.1
5.50818,1494.48
5.51332,1473.85
5.51865,1453.23
5.5242,1432.61
5.52998,1411.98
5.536,1391.36
5.54229,1370.74
5.54885,1350.12
5.55573,1329.49
5.56293,1308.87
5.57047,1288.25
5.57838,1267.62
5.58668,1247
5.59539,1226.38
5.60453,1205.76
5.61413,1185.13
5.6242,1164.51
5.63477,1143.89
5.64585,1123.26
5.65745,1102.64
5.66959,1082.02
5.68229,1061.39
5.69555,1040.77
5.70939,1020.15
5.72381,999.526
5.73881,978.903
5.75442,958.28
5.77062,937.657
5.78743,917.034
5.80486,896.411
5.82291,877.338
5.84158,858.681
5.86089,840.049
5.88084,821.442
5.90144,802.861
5.9227,784.308
5.94464,765.782
5.96725,747.284
5.99056,728.815
6.01458,710.377
6.03932,691.969
6.06479,673.593
6.09102,655.25
6.11801,636.942
6.14578,618.668
6.17436,600.43
6.20375,582.23
6.23399,564.07
6.2651,545.949
6.2971,527.87
6.33001,510.103
6.36386,493.25
6.3987,476.435
6.43454,459.66
6.47097,443.129
6.50747,427.073
6.54404,411.47
6.58066,396.303
6.61735,381.555
6.65409,367.211
6.69089,353.256
6.72775,339.68
6.76466,326.469
6.80161,313.614
6.83862,301.103
6.87568,288.928
6.91278,277.08
6.94993,265.551
6.98712,254.333
7.02436,243.418
7.06163,232.801
7.09894,222.475
7.13629,212.433
7.17368,202.67
7.2111,193.18
7.24856,183.959
7.28604,175.001
7.32356,166.302
7.36111,157.856
7.39869,149.66
7.43629,141.71
7.47392,134.001
7.51158,126.53
7.54926,119.292
7.58696,112.284
7.62468,105.503
7.66243,98.9443
7.7002,92.6053
7.73798,86.4821
7.77579,80.5715
7.81361,74.8702
7.85144,69.3749
7.8893,64.0824
7.92717,58.9893
7.96505,54.0917
8.00294,49.3867
8.04085,44.8705
8.07877,40.5393
8.1167,36.3892
8.15464,32.4161
8.19259,28.6153
8.23055,24.9814
8.26852,21.5087
8.30649,18.1903
8.34448,15.0174
8.38247,11.979
