0.00000  0.000000E+00
0.00017  0.618689E+02
0.00033  0.824918E+02
0.00048  0.103115E+03
0.00062  0.123738E+03
0.00076  0.144361E+03
0.00089  0.164984E+03
0.00103  0.185607E+03
0.00116  0.206230E+03
0.00129  0.226852E+03
0.00142  0.247475E+03
0.00154  0.268098E+03
0.00167  0.288721E+03
0.00180  0.309344E+03
0.00193  0.329967E+03
0.00206  0.350590E+03
0.00219  0.371213E+03
0.00231  0.391836E+03
0.00244  0.412459E+03
0.00257  0.433082E+03
0.00271  0.453705E+03
0.00284  0.474328E+03
0.00297  0.494951E+03
0.00310  0.515574E+03
0.00324  0.536197E+03
0.00338  0.556820E+03
0.00351  0.577443E+03
0.00365  0.598066E+03
0.00380  0.618689E+03
0.00394  0.639311E+03
0.00408  0.659934E+03
0.00423  0.680557E+03
0.00438  0.701180E+03
0.00453  0.721803E+03
0.00468  0.742426E+03
0.00484  0.763049E+03
0.00500  0.783672E+03
0.00516  0.804295E+03
0.00532  0.824918E+03
0.00549  0.845541E+03
0.00566  0.866164E+03
0.00583  0.886787E+03
0.00601  0.907410E+03
0.00619  0.928033E+03
0.00637  0.948656E+03
0.00656  0.969279E+03
0.00675  0.989902E+03
0.00695  0.101052E+04
0.00715  0.103115E+04
0.00736  0.105177E+04
0.00757  0.107239E+04
0.00779  0.109302E+04
0.00802  0.111364E+04
0.00825  0.113426E+04
0.00849  0.115489E+04
0.00873  0.117551E+04
0.00899  0.119613E+04
0.00925  0.121675E+04
0.00952  0.123738E+04
0.00981  0.125800E+04
0.01010  0.127862E+04
0.01041  0.129925E+04
0.01073  0.131987E+04
0.01107  0.134049E+04
0.01142  0.136111E+04
0.01179  0.138174E+04
0.01218  0.140236E+04
0.01260  0.142298E+04
0.01303  0.144361E+04
0.01350  0.146423E+04
0.01400  0.148485E+04
0.01454  0.150548E+04
0.01513  0.152610E+04
0.01577  0.154672E+04
0.01648  0.156734E+04
0.01726  0.158797E+04
0.01815  0.160859E+04
0.01917  0.162921E+04
0.02036  0.164984E+04
0.02181  0.167046E+04
0.02365  0.169108E+04
0.02617  0.171171E+04
0.03014  0.173233E+04
0.03500  0.174314E+04
0.03988  0.174672E+04
0.04478  0.174826E+04
0.04971  0.174921E+04
0.05466  0.175001E+04
0.05963  0.175076E+04
0.06463  0.175150E+04
0.06965  0.175224E+04
0.07470  0.175299E+04
0.07977  0.175374E+04
0.08487  0.175449E+04
0.09000  0.175524E+04
0.09515  0.175600E+04
0.10032  0.175677E+04
0.10552  0.175753E+04
0.11075  0.175831E+04
0.11600  0.175908E+04
0.12128  0.175986E+04
0.12658  0.176065E+04
0.13191  0.176143E+04
0.13727  0.176223E+04
0.14265  0.176302E+04
0.14806  0.176382E+04
0.15350  0.176463E+04
0.15897  0.176544E+04
0.16446  0.176625E+04
0.16998  0.176707E+04
0.17552  0.176789E+04
0.18110  0.176871E+04
0.18670  0.176954E+04
0.19233  0.177038E+04
0.19799  0.177122E+04
0.20368  0.177206E+04
0.20939  0.177291E+04
0.21513  0.177376E+04
0.22091  0.177462E+04
0.22671  0.177548E+04
0.23254  0.177635E+04
0.23840  0.177722E+04
0.24429  0.177809E+04
0.25021  0.177897E+04
0.25615  0.177985E+04
0.26213  0.178074E+04
0.26814  0.178164E+04
0.27418  0.178254E+04
0.28025  0.178344E+04
0.28635  0.178435E+04
0.29248  0.178526E+04
0.29864  0.178618E+04
0.30483  0.178710E+04
0.31105  0.178803E+04
0.31731  0.178896E+04
0.32359  0.178990E+04
0.32991  0.179084E+04
0.33626  0.179179E+04
0.34264  0.179274E+04
0.34906  0.179370E+04
0.35550  0.179466E+04
0.36198  0.179563E+04
0.36849  0.179660E+04
0.37504  0.179758E+04
0.38162  0.179856E+04
0.38823  0.179955E+04
0.39487  0.180054E+04
0.40155  0.180154E+04
0.40827  0.180255E+04
0.41501  0.180356E+04
0.42179  0.180457E+04
0.42861  0.180560E+04
0.43546  0.180662E+04
0.44235  0.180766E+04
0.44927  0.180869E+04
0.45622  0.180974E+04
0.46322  0.181079E+04
0.47024  0.181184E+04
0.47731  0.181290E+04
0.48440  0.181397E+04
0.49154  0.181504E+04
0.49871  0.181612E+04
0.50592  0.181720E+04
0.51317  0.181829E+04
0.52045  0.181939E+04
0.52777  0.182049E+04
0.53513  0.182160E+04
0.54252  0.182271E+04
0.54996  0.182383E+04
0.55743  0.182496E+04
0.56494  0.182609E+04
0.57249  0.182723E+04
0.58008  0.182837E+04
0.58771  0.182952E+04
0.59537  0.183068E+04
0.60308  0.183185E+04
0.61083  0.183302E+04
0.61861  0.183419E+04
0.62644  0.183538E+04
0.63431  0.183657E+04
0.64221  0.183776E+04
0.65016  0.183897E+04
0.65815  0.184018E+04
0.66618  0.184139E+04
0.67426  0.184262E+04
0.68237  0.184385E+04
0.69053  0.184508E+04
0.69873  0.184633E+04
0.70697  0.184758E+04
0.71526  0.184884E+04
0.72359  0.185010E+04
0.73196  0.185137E+04
0.74037  0.185265E+04
0.74883  0.185394E+04
0.75734  0.185523E+04
0.76589  0.185653E+04
0.77448  0.185749E+04
0.78312  0.185780E+04
0.79180  0.185793E+04
0.80053  0.185801E+04
0.80931  0.185807E+04
0.81813  0.185813E+04
0.82699  0.185818E+04
0.83591  0.185824E+04
0.84487  0.185830E+04
0.85388  0.185836E+04
0.86293  0.185841E+04
0.87203  0.185847E+04
0.88118  0.185853E+04
0.89038  0.185859E+04
0.89963  0.185865E+04
0.90892  0.185871E+04
0.91826  0.185877E+04
0.92766  0.185883E+04
0.93710  0.185889E+04
0.94659  0.185895E+04
0.95613  0.185901E+04
0.96572  0.185907E+04
0.97536  0.185914E+04
0.98505  0.185920E+04
0.99480  0.185926E+04
1.00459  0.185932E+04
1.01444  0.185939E+04
1.02433  0.185945E+04
1.03428  0.185951E+04
1.04428  0.185958E+04
1.05434  0.185964E+04
1.06444  0.185971E+04
1.07460  0.185977E+04
1.08482  0.185984E+04
1.09508  0.185990E+04
1.10540  0.185997E+04
1.11578  0.186004E+04
1.12621  0.186010E+04
1.13669  0.186017E+04
1.14723  0.186024E+04
1.15782  0.186031E+04
1.16847  0.186038E+04
1.17918  0.186044E+04
1.18994  0.186051E+04
1.20076  0.186058E+04
1.21163  0.186065E+04
1.22256  0.186072E+04
1.23355  0.186079E+04
1.24460  0.186086E+04
1.25570  0.186093E+04
1.26687  0.186101E+04
1.27809  0.186108E+04
1.28937  0.186115E+04
1.30071  0.186122E+04
1.31211  0.186130E+04
1.32357  0.186137E+04
1.33509  0.186144E+04
1.34667  0.186152E+04
1.35831  0.186159E+04
1.37002  0.186167E+04
1.38178  0.186174E+04
1.39360  0.186182E+04
1.40549  0.186189E+04
1.41744  0.186197E+04
1.42946  0.186205E+04
1.44153  0.186213E+04
1.45367  0.186221E+04
1.46587  0.186228E+04
1.47814  0.186236E+04
1.49047  0.186244E+04
1.50287  0.186252E+04
1.51533  0.186260E+04
1.52786  0.186268E+04
1.54045  0.186276E+04
1.55311  0.186284E+04
1.56584  0.186293E+04
1.57863  0.186301E+04
1.59149  0.186309E+04
1.60442  0.186317E+04
1.61742  0.186326E+04
1.63048  0.186334E+04
1.64361  0.186342E+04
1.65682  0.186351E+04
1.67009  0.186359E+04
1.68343  0.186368E+04
1.69684  0.186377E+04
1.71032  0.186385E+04
1.72387  0.186394E+04
1.73750  0.186403E+04
1.75119  0.186411E+04
1.76496  0.186420E+04
1.77880  0.186429E+04
1.79271  0.186438E+04
1.80670  0.186447E+04
1.82076  0.186456E+04
1.83489  0.186465E+04
1.84910  0.186475E+04
1.86338  0.186484E+04
1.87774  0.186493E+04
1.89218  0.186502E+04
1.90669  0.186511E+04
1.92127  0.186521E+04
1.93593  0.186530E+04
1.95067  0.186540E+04
1.96549  0.186549E+04
1.98039  0.186559E+04
1.99536  0.186569E+04
2.01041  0.186578E+04
2.02555  0.186588E+04
2.04076  0.186598E+04
2.05605  0.186607E+04
2.07142  0.186617E+04
2.08687  0.186627E+04
2.10241  0.186637E+04
2.11802  0.186647E+04
2.13372  0.186657E+04
2.14950  0.186668E+04
2.16537  0.186678E+04
2.18132  0.186688E+04
2.19735  0.186698E+04
2.21347  0.186709E+04
2.22967  0.186719E+04
2.24595  0.186730E+04
2.26233  0.186740E+04
2.27878  0.186751E+04
2.29533  0.186761E+04
2.31196  0.186772E+04
2.32868  0.186783E+04
2.34549  0.186793E+04
2.36239  0.186804E+04
2.37938  0.186815E+04
2.39645  0.186826E+04
2.41362  0.186837E+04
2.43087  0.186848E+04
2.44822  0.186860E+04
2.46566  0.186871E+04
2.48319  0.186882E+04
2.50081  0.186893E+04
2.51853  0.186905E+04
2.53634  0.186916E+04
2.55424  0.186928E+04
2.57224  0.186939E+04
2.59033  0.186951E+04
2.60852  0.186963E+04
2.62680  0.186975E+04
2.64519  0.186986E+04
2.66366  0.186998E+04
2.68224  0.187010E+04
2.70091  0.187022E+04
2.71968  0.187034E+04
2.73855  0.187046E+04
2.75752  0.187059E+04
2.77660  0.187071E+04
2.79577  0.187083E+04
2.81504  0.187096E+04
2.83441  0.187108E+04
2.85389  0.187121E+04
2.87347  0.187133E+04
2.89315  0.187146E+04
2.91294  0.187159E+04
2.93283  0.187171E+04
2.95282  0.187184E+04
2.97293  0.187197E+04
2.99313  0.187210E+04
3.01345  0.187223E+04
3.03387  0.187237E+04
3.05440  0.187250E+04
3.07504  0.187263E+04
3.09579  0.187276E+04
3.11664  0.187290E+04
3.13761  0.187303E+04
3.15869  0.187317E+04
3.17988  0.187331E+04
3.20118  0.187344E+04
3.22259  0.187358E+04
3.24412  0.187372E+04
3.26576  0.187386E+04
3.28752  0.187400E+04
3.30939  0.187414E+04
3.33138  0.187428E+04
3.35348  0.187442E+04
3.37570  0.187457E+04
3.39803  0.187471E+04
3.42049  0.187486E+04
3.44306  0.187500E+04
3.46576  0.187515E+04
3.48857  0.187529E+04
3.51150  0.187544E+04
3.53456  0.187559E+04
3.55774  0.187574E+04
3.58104  0.187589E+04
3.60446  0.187604E+04
3.62801  0.187619E+04
3.65168  0.187635E+04
3.67548  0.187650E+04
3.69940  0.187665E+04
3.72345  0.187681E+04
3.74763  0.187696E+04
3.77194  0.187712E+04
3.79637  0.187728E+04
3.82093  0.187744E+04
3.84563  0.187760E+04
3.87045  0.187776E+04
3.89541  0.187792E+04
3.92050  0.187808E+04
3.94572  0.187824E+04
3.97108  0.187841E+04
3.99656  0.187857E+04
4.02219  0.187873E+04
4.04795  0.187890E+04
4.07385  0.187907E+04
4.09988  0.187924E+04
4.12605  0.187941E+04
4.15237  0.187958E+04
4.17882  0.187975E+04
4.20541  0.187992E+04
4.23214  0.188009E+04
4.25901  0.188026E+04
4.28603  0.188044E+04
4.31319  0.188061E+04
4.34049  0.188079E+04
4.36794  0.188097E+04
4.39554  0.188117E+04
4.42328  0.188149E+04
4.45117  0.188196E+04
4.47920  0.188259E+04
4.50739  0.188338E+04
4.53572  0.188432E+04
4.56421  0.188540E+04
4.59285  0.188661E+04
4.62164  0.188797E+04
4.65058  0.188945E+04
4.67968  0.189107E+04
4.70893  0.189280E+04
4.73834  0.189466E+04
4.76790  0.189663E+04
4.79763  0.189872E+04
4.82751  0.190092E+04
4.85755  0.190323E+04
4.88776  0.190564E+04
4.91812  0.190816E+04
4.94865  0.191078E+04
4.97935  0.191351E+04
5.01021  0.191633E+04
5.04124  0.191924E+04
5.07243  0.192225E+04
5.10379  0.192536E+04
5.13533  0.192856E+04
5.16703  0.193184E+04
5.19891  0.193522E+04
5.23096  0.193869E+04
5.26319  0.194224E+04
5.29559  0.194588E+04
5.32817  0.194960E+04
5.36093  0.195341E+04
5.39387  0.195730E+04
5.42699  0.196128E+04
5.46030  0.196533E+04
5.46428  0.194471E+04
5.46828  0.192409E+04
5.47232  0.190346E+04
5.47643  0.188284E+04
5.48061  0.186222E+04
5.48488  0.184159E+04
5.48927  0.182097E+04
5.49378  0.180035E+04
5.49842  0.177973E+04
5.50322  0.175910E+04
5.50818  0.173848E+04
5.51332  0.171786E+04
5.51865  0.169723E+04
5.52420  0.167661E+04
5.52998  0.165599E+04
5.53600  0.163537E+04
5.54229  0.161474E+04
5.54885  0.159412E+04
5.55573  0.157350E+04
5.56293  0.155287E+04
5.57047  0.153225E+04
5.57838  0.151163E+04
5.58668  0.149100E+04
5.59539  0.147038E+04
5.60453  0.144976E+04
5.61413  0.142914E+04
5.62420  0.140851E+04
5.63477  0.138789E+04
5.64585  0.136727E+04
5.65745  0.134664E+04
5.66959  0.132602E+04
5.68229  0.130540E+04
5.69555  0.128478E+04
5.70939  0.126415E+04
5.72381  0.124353E+04
5.73881  0.122291E+04
5.75442  0.120228E+04
5.77062  0.118166E+04
5.78743  0.116104E+04
5.80486  0.114041E+04
5.82291  0.111979E+04
5.84158  0.109917E+04
5.86089  0.107855E+04
5.88084  0.105792E+04
5.90144  0.103730E+04
5.92270  0.101668E+04
5.94464  0.996054E+03
5.96725  0.975431E+03
5.99056  0.954808E+03
6.01458  0.934185E+03
6.03932  0.913562E+03
6.06479  0.892939E+03
6.09102  0.872316E+03
6.11801  0.851693E+03
6.14578  0.831070E+03
6.17436  0.810447E+03
6.20375  0.789824E+03
6.23399  0.769201E+03
6.26510  0.748578E+03
6.29710  0.727955E+03
6.33001  0.707332E+03
6.36386  0.686709E+03
6.39870  0.666086E+03
6.43454  0.645464E+03
6.47097  0.625092E+03
6.50747  0.605256E+03
6.54404  0.585932E+03
6.58066  0.567099E+03
6.61735  0.548739E+03
6.65409  0.530833E+03
6.69089  0.513366E+03
6.72775  0.496327E+03
6.76466  0.479699E+03
6.80161  0.463472E+03
6.83862  0.447634E+03
6.87568  0.432174E+03
6.91278  0.417084E+03
6.94993  0.402354E+03
6.98712  0.387975E+03
7.02436  0.373940E+03
7.06163  0.360240E+03
7.09894  0.346871E+03
7.13629  0.333823E+03
7.17368  0.321093E+03
7.21110  0.308672E+03
7.24856  0.296557E+03
7.28604  0.284742E+03
7.32356  0.273221E+03
7.36111  0.261991E+03
7.39869  0.251046E+03
7.43629  0.240383E+03
7.47392  0.229997E+03
7.51158  0.219884E+03
7.54926  0.210040E+03
7.58696  0.200462E+03
7.62468  0.191147E+03
7.66243  0.182090E+03
7.70020  0.173290E+03
7.73798  0.164742E+03
7.77579  0.156443E+03
7.81361  0.148391E+03
7.85144  0.140583E+03
7.88930  0.133016E+03
7.92717  0.125688E+03
7.96505  0.118595E+03
8.00294  0.111735E+03
8.04085  0.105105E+03
8.07877  0.987035E+02
8.11670  0.925274E+02
8.15464  0.865747E+02
8.19259  0.808427E+02
8.23055  0.753288E+02
8.26852  0.700309E+02
8.30649  0.649469E+02
8.34448  0.600742E+02
8.38247  0.554107E+02