0.000000 1.514526 
0.010035 1.514415 
0.020070 1.514304 
0.030105 1.514193 
0.040139 1.514082 
0.050174 1.513970 
0.060209 1.513859 
0.070244 1.513748 
0.080279 1.513637 
0.090314 1.513525 
0.100349 1.513414 
0.110383 1.513303 
0.120418 1.513191 
0.130453 1.513080 
0.140488 1.512968 
0.150523 1.512857 
0.160558 1.512745 
0.170593 1.512633 
0.180628 1.512521 
0.190662 1.512410 
0.200697 1.512298 
0.210732 1.512186 
0.220767 1.512074 
0.230802 1.511962 
0.240837 1.511850 
0.250872 1.511738 
0.260906 1.511626 
0.270941 1.511514 
0.280976 1.511401 
0.291011 1.511289 
0.301046 1.511177 
0.311081 1.511064 
0.321116 1.510952 
0.331150 1.510839 
0.341185 1.510727 
0.351220 1.510614 
0.361255 1.510502 
0.371290 1.510389 
0.381325 1.510276 
0.391360 1.510163 
0.401394 1.510051 
0.411429 1.509938 
0.421464 1.509825 
0.431499 1.509712 
0.441534 1.509599 
0.451569 1.509486 
0.461604 1.509373 
0.471639 1.509259 
0.481673 1.509146 
0.491708 1.509033 
0.501743 1.508920 
0.511778 1.508806 
0.521813 1.508693 
0.531848 1.508579 
0.541883 1.508466 
0.551917 1.508352 
0.561952 1.508239 
0.571987 1.508125 
0.582022 1.508011 
0.592057 1.507898 
0.602092 1.507784 
0.612127 1.507670 
0.622161 1.507556 
0.632196 1.507442 
0.642231 1.507328 
0.652266 1.507214 
0.662301 1.507100 
0.672336 1.506986 
0.682371 1.506871 
0.692406 1.506757 
0.702440 1.506643 
0.712475 1.506528 
0.722510 1.506414 
0.732545 1.506300 
0.742580 1.506185 
0.752615 1.506070 
0.762650 1.505956 
0.772684 1.505841 
0.782719 1.505726 
0.792754 1.505612 
0.802789 1.505497 
0.812824 1.505382 
0.822859 1.505267 
0.832894 1.505152 
0.842928 1.505037 
0.852963 1.504922 
0.862998 1.504807 
0.873033 1.504692 
0.883068 1.504576 
0.893103 1.504461 
0.903138 1.504346 
0.913172 1.504230 
0.923207 1.504115 
0.933242 1.504000 
0.943277 1.503884 
0.953312 1.503768 
0.963347 1.503653 
0.973382 1.503537 
0.983417 1.503421 
0.993451 1.503306 
1.003486 1.503190 
1.013521 1.503074 
1.023556 1.502958 
1.033591 1.502842 
1.043626 1.502726 
1.053661 1.502610 
1.063695 1.502494 
1.073730 1.502377 
1.083765 1.502261 
1.093800 1.502145 
1.103835 1.502028 
1.113870 1.501912 
1.123905 1.501796 
1.133939 1.501679 
1.143974 1.501563 
1.154009 1.501446 
1.164044 1.501329 
1.174079 1.501213 
1.184114 1.501096 
1.194149 1.500979 
1.204183 1.500862 
1.214218 1.500745 
1.224253 1.500628 
1.234288 1.500511 
1.244323 1.500394 
1.254358 1.500277 
1.264393 1.500160 
1.274428 1.500043 
1.284462 1.499925 
1.294497 1.499808 
1.304532 1.499691 
1.314567 1.499573 
1.324602 1.499456 
1.334637 1.499338 
1.344672 1.499220 
1.354706 1.499103 
1.364741 1.498985 
1.374776 1.498867 
1.384811 1.498749 
1.394846 1.498632 
1.404881 1.498514 
1.414916 1.498396 
1.424950 1.498278 
1.434985 1.498160 
1.445020 1.498042 
1.455055 1.497923 
1.465090 1.497805 
1.475125 1.497687 
1.485160 1.497568 
1.495194 1.497450 
1.505229 1.497332 
1.515264 1.497213 
1.525299 1.497095 
1.535334 1.496976 
1.545369 1.496857 
1.555404 1.496739 
1.565439 1.496620 
1.575473 1.496501 
1.585508 1.496382 
1.595543 1.496263 
1.605578 1.496144 
1.615613 1.496025 
1.625648 1.495906 
1.635683 1.495787 
1.645717 1.495668 
1.655752 1.495549 
1.665787 1.495429 
1.675822 1.495310 
1.685857 1.495191 
1.695892 1.495071 
1.705927 1.494952 
1.715961 1.494832 
1.725996 1.494712 
1.736031 1.494593 
1.746066 1.494473 
1.756101 1.494353 
1.766136 1.494233 
1.776171 1.494113 
1.786206 1.493994 
1.796240 1.493874 
1.806275 1.493753 
1.816310 1.493633 
1.826345 1.493513 
1.836380 1.493393 
1.846415 1.493273 
1.856450 1.493152 
1.866484 1.493032 
1.876519 1.492912 
1.886554 1.492791 
1.896589 1.492671 
1.906624 1.492550 
1.916659 1.492429 
1.926694 1.492309 
1.936728 1.492188 
1.946763 1.492067 
1.956798 1.491946 
1.966833 1.491825 
1.976868 1.491704 
1.986903 1.491583 
1.996938 1.491462 
2.006972 1.491341 
2.017007 1.491220 
2.027042 1.491099 
2.037077 1.490977 
2.047112 1.490856 
2.057147 1.490735 
2.067182 1.490613 
2.077217 1.490492 
2.087251 1.490370 
2.097286 1.490248 
2.107321 1.490127 
2.117356 1.490005 
2.127391 1.489883 
2.137426 1.489761 
2.147461 1.489639 
2.157495 1.489517 
2.167530 1.489395 
2.177565 1.489273 
2.187600 1.489151 
2.197635 1.489029 
2.207670 1.488907 
2.217705 1.488784 
2.227739 1.488662 
2.237774 1.488540 
2.247809 1.488417 
2.257844 1.488295 
2.267879 1.488172 
2.277914 1.488049 
2.287949 1.487927 
2.297983 1.487804 
2.308018 1.487681 
2.318053 1.487558 
2.328088 1.487435 
2.338123 1.487312 
2.348158 1.487189 
2.358193 1.487066 
2.368228 1.486943 
2.378262 1.486820 
2.388297 1.486697 
2.398332 1.486573 
2.408367 1.486450 
2.418402 1.486327 
2.428437 1.486203 
2.438472 1.486080 
2.448506 1.485956 
2.458541 1.485832 
2.468576 1.485709 
2.478611 1.485585 
2.488646 1.485461 
2.498681 1.485337 
2.508716 1.485213 
2.518750 1.485089 
2.528785 1.484965 
2.538820 1.484841 
2.548855 1.484717 
2.558890 1.484593 
2.568925 1.484469 
2.578960 1.484344 
2.588994 1.484220 
2.599029 1.484095 
2.609064 1.483971 
2.619099 1.483846 
2.629134 1.483722 
2.639169 1.483597 
2.649204 1.483472 
2.659239 1.483348 
2.669273 1.483223 
2.679308 1.483098 
2.689343 1.482973 
2.699378 1.482848 
2.709413 1.482723 
2.719448 1.482598 
2.729483 1.482473 
2.739517 1.482347 
2.749552 1.482222 
2.759587 1.482097 
2.769622 1.481971 
2.779657 1.481846 
2.789692 1.481720 
2.799727 1.481595 
2.809761 1.481469 
2.819796 1.481343 
2.829831 1.481218 
2.839866 1.481092 
2.849901 1.480966 
2.859936 1.480840 
2.869971 1.480714 
2.880006 1.480588 
2.890040 1.480462 
2.900075 1.480336 
2.910110 1.480209 
2.920145 1.480083 
2.930180 1.479957 
2.940215 1.479830 
2.950250 1.479704 
2.960284 1.479577 
2.970319 1.479451 
2.980354 1.479324 
2.990389 1.479197 
3.000424 1.479071 
3.010459 1.478944 
3.020494 1.478817 
3.030528 1.478690 
3.040563 1.478563 
3.050598 1.478436 
3.060633 1.478309 
3.070668 1.478182 
3.080703 1.478055 
3.090738 1.477927 
3.100772 1.477800 
3.110807 1.477673 
3.120842 1.477545 
3.130877 1.477418 
3.140912 1.477290 
3.150947 1.477162 
3.160982 1.477035 
3.171017 1.476907 
3.181051 1.476779 
3.191086 1.476651 
3.201121 1.476523 
3.211156 1.476395 
3.221191 1.476267 
3.231226 1.476139 
3.241261 1.476011 
3.251295 1.475883 
3.261330 1.475754 
3.271365 1.475626 
3.281400 1.475498 
3.291435 1.475369 
3.301470 1.475241 
3.311505 1.475112 
3.321539 1.474983 
3.331574 1.474855 
3.341609 1.474726 
3.351644 1.474597 
3.361679 1.474468 
3.371714 1.474339 
3.381749 1.474210 
3.391783 1.474081 
3.401818 1.473952 
3.411853 1.473823 
3.421888 1.473694 
3.431923 1.473564 
3.441958 1.473435 
3.451993 1.473306 
3.462028 1.473176 
3.472062 1.473046 
3.482097 1.472917 
3.492132 1.472787 
3.502167 1.472657 
3.512202 1.472528 
3.522237 1.472398 
3.532272 1.472268 
3.542306 1.472138 
3.552341 1.472008 
3.562376 1.471878 
3.572411 1.471748 
3.582446 1.471617 
3.592481 1.471487 
3.602516 1.471357 
3.612550 1.471226 
3.622585 1.471096 
3.632620 1.470965 
3.642655 1.470835 
3.652690 1.470704 
3.662725 1.470573 
3.672760 1.470443 
3.682794 1.470312 
3.692829 1.470181 
3.702864 1.470050 
3.712899 1.469919 
3.722934 1.469788 
3.732969 1.469657 
3.743004 1.469525 
3.753039 1.469394 
3.763073 1.469263 
3.773108 1.469131 
3.783143 1.469000 
3.793178 1.468868 
3.803213 1.468737 
3.813248 1.468605 
3.823283 1.468474 
3.833317 1.468342 
3.843352 1.468210 
3.853387 1.468078 
3.863422 1.467946 
3.873457 1.467814 
3.883492 1.467682 
3.893527 1.467550 
3.903561 1.467418 
3.913596 1.467285 
3.923631 1.467153 
3.933666 1.467021 
3.943701 1.466888 
3.953736 1.466756 
3.963771 1.466623 
3.973806 1.466491 
3.983840 1.466358 
3.993875 1.466225 
4.003910 1.466092 
4.013945 1.465959 
4.023980 1.465826 
4.034015 1.465693 
4.044050 1.465560 
4.054084 1.465427 
4.064119 1.465294 
4.074154 1.465161 
4.084189 1.465027 
4.094224 1.464894 
4.104259 1.464760 
4.114294 1.464627 
4.124328 1.464493 
4.134363 1.464360 
4.144398 1.464226 
4.154433 1.464092 
4.164468 1.463958 
4.174503 1.463825 
4.184538 1.463691 
4.194572 1.463557 
4.204607 1.463422 
4.214642 1.463288 
4.224677 1.463154 
4.234712 1.463020 
4.244747 1.462885 
4.254782 1.462751 
4.264817 1.462616 
4.274851 1.462482 
4.284886 1.462347 
4.294921 1.462213 
4.304956 1.462078 
4.314991 1.461943 
4.325026 1.461808 
4.335061 1.461673 
4.345095 1.461538 
4.355130 1.461403 
4.365165 1.461268 
4.375200 1.461133 
4.385235 1.460998 
4.395270 1.460862 
4.405305 1.460727 
4.415339 1.460592 
4.425374 1.460456 
4.435409 1.460321 
4.445444 1.460185 
4.455479 1.460049 
4.465514 1.459913 
4.475549 1.459778 
4.485583 1.459642 
4.495618 1.459506 
4.505653 1.459370 
4.515688 1.459234 
4.525723 1.459097 
4.535758 1.458961 
4.545793 1.458825 
4.555828 1.458689 
4.565862 1.458552 
4.575897 1.458416 
4.585932 1.458279 
4.595967 1.458142 
4.606002 1.458006 
4.616037 1.457869 
4.626072 1.457732 
4.636106 1.457595 
4.646141 1.457458 
4.656176 1.457321 
4.666211 1.457184 
4.676246 1.457047 
4.686281 1.456910 
4.696316 1.456773 
4.706350 1.456635 
4.716385 1.456498 
4.726420 1.456360 
4.736455 1.456223 
4.746490 1.456085 
4.756525 1.455948 
4.766560 1.455810 
4.776594 1.455672 
4.786629 1.455534 
4.796664 1.455396 
4.806699 1.455258 
4.816734 1.455120 
4.826769 1.454982 
4.836804 1.454844 
4.846839 1.454706 
4.856873 1.454567 
4.866908 1.454429 
4.876943 1.454290 
4.886978 1.454152 
4.897013 1.454013 
4.907048 1.453874 
4.917083 1.453736 
4.927117 1.453597 
4.937152 1.453458 
4.947187 1.453319 
4.957222 1.453180 
4.967257 1.453041 
4.977292 1.452902 
4.987327 1.452763 
4.997361 1.452623 
5.007396 1.452484 
5.017431 1.452345 
5.027466 1.452205 
5.037501 1.452066 
5.047536 1.451926 
5.057571 1.451786 
5.067606 1.451646 
5.077640 1.451507 
5.087675 1.451367 
5.097710 1.451227 
5.107745 1.451087 
5.117780 1.450947 
5.127815 1.450807 
5.137850 1.450666 
5.147884 1.450526 
5.157919 1.450386 
5.167954 1.450245 
5.177989 1.450105 
5.188024 1.449964 
5.198059 1.449823 
5.208094 1.449683 
5.218128 1.449542 
5.228163 1.449401 
5.238198 1.449260 
5.248233 1.449119 
5.258268 1.448978 
5.268303 1.448837 
5.278338 1.448696 
5.288372 1.448555 
5.298407 1.448413 
5.308442 1.448272 
5.318477 1.448130 
5.328512 1.447989 
5.338547 1.447847 
5.348582 1.447706 
5.358617 1.447564 
5.368651 1.447422 
5.378686 1.447280 
5.388721 1.447138 
5.398756 1.446996 
5.408791 1.446854 
5.418826 1.446712 
5.428861 1.446570 
5.438895 1.446427 
5.448930 1.446285 
5.458965 1.446143 
5.469000 1.446000 
