0.000000 0.154321 49.675296 49.675296 
0.010025 0.154300 49.649703 49.649703 
0.020051 0.154279 49.624111 49.624111 
0.030076 0.154258 49.598519 49.598519 
0.040101 0.154238 49.572926 49.572926 
0.050126 0.154217 49.547334 49.547334 
0.060152 0.154196 49.521741 49.521741 
0.070177 0.154175 49.496149 49.496149 
0.080202 0.154155 49.470557 49.470557 
0.090228 0.154134 49.444964 49.444964 
0.100253 0.154113 49.419372 49.419372 
0.110278 0.154092 49.393779 49.393779 
0.120304 0.154071 49.368187 49.368187 
0.130329 0.154051 49.342595 49.342595 
0.140354 0.154030 49.317002 49.317002 
0.150379 0.154009 49.291410 49.291410 
0.160405 0.153988 49.265817 49.265817 
0.170430 0.153968 49.240225 49.240225 
0.180455 0.153947 49.214633 49.214633 
0.190481 0.153926 49.189040 49.189040 
0.200506 0.153905 49.163448 49.163448 
0.210531 0.153884 49.137855 49.137855 
0.220556 0.153864 49.112263 49.112263 
0.230582 0.153843 49.086671 49.086671 
0.240607 0.153822 49.061078 49.061078 
0.250632 0.153801 49.035486 49.035486 
0.260658 0.153781 49.009893 49.009893 
0.270683 0.153760 48.984301 48.984301 
0.280708 0.153739 48.958709 48.958709 
0.290734 0.153718 48.933116 48.933116 
0.300759 0.153697 48.907524 48.907524 
0.310784 0.153677 48.881931 48.881931 
0.320809 0.153656 48.856339 48.856339 
0.330835 0.153635 48.830747 48.830747 
0.340860 0.153614 48.805154 48.805154 
0.350885 0.153594 48.779562 48.779562 
0.360911 0.153573 48.753969 48.753969 
0.370936 0.153552 48.728377 48.728377 
0.380961 0.153531 48.702784 48.702784 
0.390987 0.153510 48.677192 48.677192 
0.401012 0.153490 48.651600 48.651600 
0.411037 0.153469 48.626007 48.626007 
0.421062 0.153448 48.600415 48.600415 
0.431088 0.153427 48.574822 48.574822 
0.441113 0.153407 48.549230 48.549230 
0.451138 0.153386 48.523638 48.523638 
0.461164 0.153365 48.498045 48.498045 
0.471189 0.153344 48.472453 48.472453 
0.481214 0.153323 48.446860 48.446860 
0.491239 0.153303 48.421268 48.421268 
0.501265 0.153282 48.395676 48.395676 
0.511290 0.153261 48.370083 48.370083 
0.521315 0.153240 48.344491 48.344491 
0.531341 0.153220 48.318898 48.318898 
0.541366 0.153199 48.293306 48.293306 
0.551391 0.153178 48.267714 48.267714 
0.561417 0.153157 48.242121 48.242121 
0.571442 0.153136 48.216529 48.216529 
0.581467 0.153116 48.190936 48.190936 
0.591492 0.153095 48.165344 48.165344 
0.601518 0.153074 48.139752 48.139752 
0.611543 0.153053 48.114159 48.114159 
0.621568 0.153033 48.088567 48.088567 
0.631594 0.153012 48.062974 48.062974 
0.641619 0.152991 48.037382 48.037382 
0.651644 0.152970 48.011790 48.011790 
0.661669 0.152949 47.986197 47.986197 
0.671695 0.152929 47.960605 47.960605 
0.681720 0.152908 47.935012 47.935012 
0.691745 0.152887 47.909420 47.909420 
0.701771 0.152866 47.883828 47.883828 
0.711796 0.152846 47.858235 47.858235 
0.721821 0.152825 47.832643 47.832643 
0.731847 0.152804 47.807050 47.807050 
0.741872 0.152783 47.781458 47.781458 
0.751897 0.152762 47.755866 47.755866 
0.761922 0.152742 47.730273 47.730273 
0.771948 0.152721 47.704681 47.704681 
0.781973 0.152700 47.679088 47.679088 
0.791998 0.152679 47.653496 47.653496 
0.802024 0.152659 47.627904 47.627904 
0.812049 0.152638 47.602311 47.602311 
0.822074 0.152617 47.576719 47.576719 
0.832099 0.152596 47.551126 47.551126 
0.842125 0.152575 47.525534 47.525534 
0.852150 0.152555 47.499941 47.499941 
0.862175 0.152534 47.474349 47.474349 
0.872201 0.152513 47.448757 47.448757 
0.882226 0.152492 47.423164 47.423164 
0.892251 0.152472 47.397572 47.397572 
0.902277 0.152451 47.371979 47.371979 
0.912302 0.152430 47.346387 47.346387 
0.922327 0.152409 47.320795 47.320795 
0.932352 0.152388 47.295202 47.295202 
0.942378 0.152368 47.269610 47.269610 
0.952403 0.152347 47.244017 47.244017 
0.962428 0.152326 47.218425 47.218425 
0.972454 0.152305 47.192833 47.192833 
0.982479 0.152285 47.167240 47.167240 
0.992504 0.152264 47.141648 47.141648 
1.002530 0.152243 47.116055 47.116055 
1.012555 0.152222 47.090463 47.090463 
1.022580 0.152201 47.064871 47.064871 
1.032605 0.152181 47.039278 47.039278 
1.042631 0.152160 47.013686 47.013686 
1.052656 0.152139 46.988093 46.988093 
1.062681 0.152118 46.962501 46.962501 
1.072707 0.152098 46.936909 46.936909 
1.082732 0.152077 46.911316 46.911316 
1.092757 0.152056 46.885724 46.885724 
1.102782 0.152035 46.860131 46.860131 
1.112808 0.152014 46.834539 46.834539 
1.122833 0.151994 46.808947 46.808947 
1.132858 0.151973 46.783354 46.783354 
1.142884 0.151952 46.757762 46.757762 
1.152909 0.151931 46.732169 46.732169 
1.162934 0.151911 46.706577 46.706577 
1.172960 0.151890 46.680985 46.680985 
1.182985 0.151869 46.655392 46.655392 
1.193010 0.151848 46.629800 46.629800 
1.203035 0.151828 46.604207 46.604207 
1.213061 0.151807 46.578615 46.578615 
1.223086 0.151786 46.553023 46.553023 
1.233111 0.151765 46.527430 46.527430 
1.243137 0.151744 46.501838 46.501838 
1.253162 0.151724 46.476245 46.476245 
1.263187 0.151703 46.450653 46.450653 
1.273212 0.151682 46.425060 46.425060 
1.283238 0.151661 46.399468 46.399468 
1.293263 0.151641 46.373876 46.373876 
1.303288 0.151620 46.348283 46.348283 
1.313314 0.151599 46.322691 46.322691 
1.323339 0.151578 46.297098 46.297098 
1.333364 0.151557 46.271506 46.271506 
1.343390 0.151537 46.245914 46.245914 
1.353415 0.151516 46.220321 46.220321 
1.363440 0.151495 46.194729 46.194729 
1.373465 0.151474 46.169136 46.169136 
1.383491 0.151454 46.143544 46.143544 
1.393516 0.151433 46.117952 46.117952 
1.403541 0.151412 46.092359 46.092359 
1.413567 0.151391 46.066767 46.066767 
1.423592 0.151370 46.041174 46.041174 
1.433617 0.151350 46.015582 46.015582 
1.443642 0.151329 45.989990 45.989990 
1.453668 0.151308 45.964397 45.964397 
1.463693 0.151287 45.938805 45.938805 
1.473718 0.151267 45.913212 45.913212 
1.483744 0.151246 45.887620 45.887620 
1.493769 0.151225 45.862028 45.862028 
1.503794 0.151204 45.836435 45.836435 
1.513820 0.151183 45.810843 45.810843 
1.523845 0.151163 45.785250 45.785250 
1.533870 0.151142 45.759658 45.759658 
1.543895 0.151121 45.734066 45.734066 
1.553921 0.151100 45.708473 45.708473 
1.563946 0.151080 45.682881 45.682881 
1.573971 0.151059 45.657288 45.657288 
1.583997 0.151038 45.631696 45.631696 
1.594022 0.151017 45.606104 45.606104 
1.604047 0.150996 45.580511 45.580511 
1.614073 0.150976 45.554919 45.554919 
1.624098 0.150955 45.529326 45.529326 
1.634123 0.150934 45.503734 45.503734 
1.644148 0.150913 45.478142 45.478142 
1.654174 0.150893 45.452549 45.452549 
1.664199 0.150872 45.426957 45.426957 
1.674224 0.150851 45.401364 45.401364 
1.684250 0.150830 45.375772 45.375772 
1.694275 0.150809 45.350180 45.350180 
1.704300 0.150789 45.324587 45.324587 
1.714325 0.150768 45.298995 45.298995 
1.724351 0.150747 45.273402 45.273402 
1.734376 0.150726 45.247810 45.247810 
1.744401 0.150706 45.222217 45.222217 
1.754427 0.150685 45.196625 45.196625 
1.764452 0.150664 45.171033 45.171033 
1.774477 0.150643 45.145440 45.145440 
1.784503 0.150622 45.119848 45.119848 
1.794528 0.150602 45.094255 45.094255 
1.804553 0.150581 45.068663 45.068663 
1.814578 0.150560 45.043071 45.043071 
1.824604 0.150539 45.017478 45.017478 
1.834629 0.150519 44.991886 44.991886 
1.844654 0.150498 44.966293 44.966293 
1.854680 0.150477 44.940701 44.940701 
1.864705 0.150456 44.915109 44.915109 
1.874730 0.150435 44.889516 44.889516 
1.884755 0.150415 44.863924 44.863924 
1.894781 0.150394 44.838331 44.838331 
1.904806 0.150373 44.812739 44.812739 
1.914831 0.150352 44.787147 44.787147 
1.924857 0.150332 44.761554 44.761554 
1.934882 0.150311 44.735962 44.735962 
1.944907 0.150290 44.710369 44.710369 
1.954933 0.150269 44.684777 44.684777 
1.964958 0.150248 44.659185 44.659185 
1.974983 0.150228 44.633592 44.633592 
1.985008 0.150207 44.608000 44.608000 
1.995034 0.150186 44.582407 44.582407 
2.005059 0.150165 44.556815 44.556815 
2.015084 0.150145 44.531223 44.531223 
2.025110 0.150124 44.505630 44.505630 
2.035135 0.150103 44.480038 44.480038 
2.045160 0.150082 44.454445 44.454445 
2.055185 0.150061 44.428853 44.428853 
2.065211 0.150041 44.403261 44.403261 
2.075236 0.150020 44.377668 44.377668 
2.085261 0.149999 44.352076 44.352076 
2.095287 0.149978 44.326483 44.326483 
2.105312 0.149958 44.300891 44.300891 
2.115337 0.149937 44.275299 44.275299 
2.125363 0.149916 44.249706 44.249706 
2.135388 0.149895 44.224114 44.224114 
2.145413 0.149874 44.198521 44.198521 
2.155438 0.149854 44.172929 44.172929 
2.165464 0.149833 44.147336 44.147336 
2.175489 0.149812 44.121744 44.121744 
2.185514 0.149791 44.096152 44.096152 
2.195540 0.149771 44.070559 44.070559 
2.205565 0.149750 44.044967 44.044967 
2.215590 0.149729 44.019374 44.019374 
2.225616 0.149708 43.993782 43.993782 
2.235641 0.149687 43.968190 43.968190 
2.245666 0.149667 43.942597 43.942597 
2.255691 0.149646 43.917005 43.917005 
2.265717 0.149625 43.891412 43.891412 
2.275742 0.149604 43.865820 43.865820 
2.285767 0.149584 43.840228 43.840228 
2.295793 0.149563 43.814635 43.814635 
2.305818 0.149542 43.789043 43.789043 
2.315843 0.149521 43.763450 43.763450 
2.325868 0.149500 43.737858 43.737858 
2.335894 0.149480 43.712266 43.712266 
2.345919 0.149459 43.686673 43.686673 
2.355944 0.149438 43.661081 43.661081 
2.365970 0.149417 43.635488 43.635488 
2.375995 0.149397 43.609896 43.609896 
2.386020 0.149376 43.584304 43.584304 
2.396046 0.149355 43.558711 43.558711 
2.406071 0.149334 43.533119 43.533119 
2.416096 0.149313 43.507526 43.507526 
2.426121 0.149293 43.481934 43.481934 
2.436147 0.149272 43.456342 43.456342 
2.446172 0.149251 43.430749 43.430749 
2.456197 0.149230 43.405157 43.405157 
2.466223 0.149210 43.379564 43.379564 
2.476248 0.149189 43.353972 43.353972 
2.486273 0.149168 43.328380 43.328380 
2.496298 0.149147 43.302787 43.302787 
2.506324 0.149127 43.277195 43.277195 
2.516349 0.149106 43.251602 43.251602 
2.526374 0.149085 43.226010 43.226010 
2.536400 0.149064 43.200418 43.200418 
2.546425 0.149043 43.174825 43.174825 
2.556450 0.149023 43.149233 43.149233 
2.566476 0.149002 43.123640 43.123640 
2.576501 0.148981 43.098048 43.098048 
2.586526 0.148960 43.072456 43.072456 
2.596551 0.148940 43.046863 43.046863 
2.606577 0.148919 43.021271 43.021271 
2.616602 0.148898 42.995678 42.995678 
2.626627 0.148877 42.970086 42.970086 
2.636653 0.148856 42.944493 42.944493 
2.646678 0.148836 42.918901 42.918901 
2.656703 0.148815 42.893309 42.893309 
2.666728 0.148794 42.867716 42.867716 
2.676754 0.148773 42.842124 42.842124 
2.686779 0.148753 42.816531 42.816531 
2.696804 0.148732 42.790939 42.790939 
2.706830 0.148711 42.765347 42.765347 
2.716855 0.148690 42.739754 42.739754 
2.726880 0.148669 42.714162 42.714162 
2.736906 0.148649 42.688569 42.688569 
2.746931 0.148628 42.662977 42.662977 
2.756956 0.148607 42.637385 42.637385 
2.766981 0.148586 42.611792 42.611792 
2.777007 0.148566 42.586200 42.586200 
2.787032 0.148545 42.560607 42.560607 
2.797057 0.148524 42.535015 42.535015 
2.807083 0.148503 42.509423 42.509423 
2.817108 0.148482 42.483830 42.483830 
2.827133 0.148462 42.458238 42.458238 
2.837159 0.148441 42.432645 42.432645 
2.847184 0.148420 42.407053 42.407053 
2.857209 0.148399 42.381461 42.381461 
2.867234 0.148379 42.355868 42.355868 
2.877260 0.148358 42.330276 42.330276 
2.887285 0.148337 42.304683 42.304683 
2.897310 0.148316 42.279091 42.279091 
2.907336 0.148295 42.253499 42.253499 
2.917361 0.148275 42.227906 42.227906 
2.927386 0.148254 42.202314 42.202314 
2.937411 0.148233 42.176721 42.176721 
2.947437 0.148212 42.151129 42.151129 
2.957462 0.148192 42.125537 42.125537 
2.967487 0.148171 42.099944 42.099944 
2.977513 0.148150 42.074352 42.074352 
2.987538 0.148129 42.048759 42.048759 
2.997563 0.148108 42.023167 42.023167 
3.007589 0.148088 41.997575 41.997575 
3.017614 0.148067 41.971982 41.971982 
3.027639 0.148046 41.946390 41.946390 
3.037664 0.148025 41.920797 41.920797 
3.047690 0.148005 41.895205 41.895205 
3.057715 0.147984 41.869612 41.869612 
3.067740 0.147963 41.844020 41.844020 
3.077766 0.147942 41.818428 41.818428 
3.087791 0.147921 41.792835 41.792835 
3.097816 0.147901 41.767243 41.767243 
3.107841 0.147880 41.741650 41.741650 
3.117867 0.147859 41.716058 41.716058 
3.127892 0.147838 41.690466 41.690466 
3.137917 0.147818 41.664873 41.664873 
3.147943 0.147797 41.639281 41.639281 
3.157968 0.147776 41.613688 41.613688 
3.167993 0.147755 41.588096 41.588096 
3.178019 0.147734 41.562504 41.562504 
3.188044 0.147714 41.536911 41.536911 
3.198069 0.147693 41.511319 41.511319 
3.208094 0.147672 41.485726 41.485726 
3.218120 0.147651 41.460134 41.460134 
3.228145 0.147631 41.434542 41.434542 
3.238170 0.147610 41.408949 41.408949 
3.248196 0.147589 41.383357 41.383357 
3.258221 0.147568 41.357764 41.357764 
3.268246 0.147547 41.332172 41.332172 
3.278272 0.147527 41.306580 41.306580 
3.288297 0.147506 41.280987 41.280987 
3.298322 0.147485 41.255395 41.255395 
3.308347 0.147464 41.229802 41.229802 
3.318373 0.147444 41.204210 41.204210 
3.328398 0.147423 41.178618 41.178618 
3.338423 0.147402 41.153025 41.153025 
3.348449 0.147381 41.127433 41.127433 
3.358474 0.147360 41.101840 41.101840 
3.368499 0.147340 41.076248 41.076248 
3.378524 0.147319 41.050656 41.050656 
3.388550 0.147298 41.025063 41.025063 
3.398575 0.147277 40.999471 40.999471 
3.408600 0.147257 40.973878 40.973878 
3.418626 0.147236 40.948286 40.948286 
3.428651 0.147215 40.922694 40.922694 
3.438676 0.147194 40.897101 40.897101 
3.448702 0.147173 40.871509 40.871509 
3.458727 0.147153 40.845916 40.845916 
3.468752 0.147132 40.820324 40.820324 
3.478777 0.147111 40.794732 40.794732 
3.488803 0.147090 40.769139 40.769139 
3.498828 0.147070 40.743547 40.743547 
3.508853 0.147049 40.717954 40.717954 
3.518879 0.147028 40.692362 40.692362 
3.528904 0.147007 40.666769 40.666769 
3.538929 0.146986 40.641177 40.641177 
3.548954 0.146966 40.615585 40.615585 
3.558980 0.146945 40.589992 40.589992 
3.569005 0.146924 40.564400 40.564400 
3.579030 0.146903 40.538807 40.538807 
3.589056 0.146883 40.513215 40.513215 
3.599081 0.146862 40.487623 40.487623 
3.609106 0.146841 40.462030 40.462030 
3.619132 0.146820 40.436438 40.436438 
3.629157 0.146799 40.410845 40.410845 
3.639182 0.146779 40.385253 40.385253 
3.649207 0.146758 40.359661 40.359661 
3.659233 0.146737 40.334068 40.334068 
3.669258 0.146716 40.308476 40.308476 
3.679283 0.146696 40.282883 40.282883 
3.689309 0.146675 40.257291 40.257291 
3.699334 0.146654 40.231699 40.231699 
3.709359 0.146633 40.206106 40.206106 
3.719384 0.146612 40.180514 40.180514 
3.729410 0.146592 40.154921 40.154921 
3.739435 0.146571 40.129329 40.129329 
3.749460 0.146550 40.103737 40.103737 
3.759486 0.146529 40.078144 40.078144 
3.769511 0.146509 40.052552 40.052552 
3.779536 0.146488 40.026959 40.026959 
3.789562 0.146467 40.001367 40.001367 
3.799587 0.146446 39.975775 39.975775 
3.809612 0.146425 39.950182 39.950182 
3.819637 0.146405 39.924590 39.924590 
3.829663 0.146384 39.898997 39.898997 
3.839688 0.146363 39.873405 39.873405 
3.849713 0.146342 39.847813 39.847813 
3.859739 0.146322 39.822220 39.822220 
3.869764 0.146301 39.796628 39.796628 
3.879789 0.146280 39.771035 39.771035 
3.889815 0.146259 39.745443 39.745443 
3.899840 0.146239 39.719851 39.719851 
3.909865 0.146218 39.694258 39.694258 
3.919890 0.146197 39.668666 39.668666 
3.929916 0.146176 39.643073 39.643073 
3.939941 0.146155 39.617481 39.617481 
3.949966 0.146135 39.591888 39.591888 
3.959992 0.146114 39.566296 39.566296 
3.970017 0.146093 39.540704 39.540704 
3.980042 0.146072 39.515111 39.515111 
3.990067 0.146052 39.489519 39.489519 
4.000093 0.146031 39.463926 39.463926 
4.010118 0.146010 39.438334 39.438334 
4.020143 0.145989 39.412742 39.412742 
4.030169 0.145968 39.387149 39.387149 
4.040194 0.145948 39.361557 39.361557 
4.050219 0.145927 39.335964 39.335964 
4.060245 0.145906 39.310372 39.310372 
4.070270 0.145885 39.284780 39.284780 
4.080295 0.145865 39.259187 39.259187 
4.090320 0.145844 39.233595 39.233595 
4.100346 0.145823 39.208002 39.208002 
4.110371 0.145802 39.182410 39.182410 
4.120396 0.145781 39.156818 39.156818 
4.130422 0.145761 39.131225 39.131225 
4.140447 0.145740 39.105633 39.105633 
4.150472 0.145719 39.080040 39.080040 
4.160497 0.145698 39.054448 39.054448 
4.170523 0.145678 39.028856 39.028856 
4.180548 0.145657 39.003263 39.003263 
4.190573 0.145636 38.977671 38.977671 
4.200599 0.145615 38.952078 38.952078 
4.210624 0.145594 38.926486 38.926486 
4.220649 0.145574 38.900894 38.900894 
4.230675 0.145553 38.875301 38.875301 
4.240700 0.145532 38.849709 38.849709 
4.250725 0.145511 38.824116 38.824116 
4.260750 0.145491 38.798524 38.798524 
4.270776 0.145470 38.772932 38.772932 
4.280801 0.145449 38.747339 38.747339 
4.290826 0.145428 38.721747 38.721747 
4.300852 0.145407 38.696154 38.696154 
4.310877 0.145387 38.670562 38.670562 
4.320902 0.145366 38.644970 38.644970 
4.330927 0.145345 38.619377 38.619377 
4.340953 0.145324 38.593785 38.593785 
4.350978 0.145304 38.568192 38.568192 
4.361003 0.145283 38.542600 38.542600 
4.371029 0.145262 38.517008 38.517008 
4.381054 0.145241 38.491415 38.491415 
4.391079 0.145220 38.465823 38.465823 
4.401105 0.145200 38.440230 38.440230 
4.411130 0.145179 38.414638 38.414638 
4.421155 0.145158 38.389045 38.389045 
4.431180 0.145137 38.363453 38.363453 
4.441206 0.145117 38.337861 38.337861 
4.451231 0.145096 38.312268 38.312268 
4.461256 0.145075 38.286676 38.286676 
4.471282 0.145054 38.261083 38.261083 
4.481307 0.145033 38.235491 38.235491 
4.491332 0.145013 38.209899 38.209899 
4.501358 0.144992 38.184306 38.184306 
4.511383 0.144971 38.158714 38.158714 
4.521408 0.144950 38.133121 38.133121 
4.531433 0.144930 38.107529 38.107529 
4.541459 0.144909 38.081937 38.081937 
4.551484 0.144888 38.056344 38.056344 
4.561509 0.144867 38.030752 38.030752 
4.571535 0.144846 38.005159 38.005159 
4.581560 0.144826 37.979567 37.979567 
4.591585 0.144805 37.953975 37.953975 
4.601610 0.144784 37.928382 37.928382 
4.611636 0.144763 37.902790 37.902790 
4.621661 0.144743 37.877197 37.877197 
4.631686 0.144722 37.851605 37.851605 
4.641712 0.144701 37.826013 37.826013 
4.651737 0.144680 37.800420 37.800420 
4.661762 0.144659 37.774828 37.774828 
4.671788 0.144639 37.749235 37.749235 
4.681813 0.144618 37.723643 37.723643 
4.691838 0.144597 37.698051 37.698051 
4.701863 0.144576 37.672458 37.672458 
4.711889 0.144556 37.646866 37.646866 
4.721914 0.144535 37.621273 37.621273 
4.731939 0.144514 37.595681 37.595681 
4.741965 0.144493 37.570089 37.570089 
4.751990 0.144472 37.544496 37.544496 
4.762015 0.144452 37.518904 37.518904 
4.772040 0.144431 37.493311 37.493311 
4.782066 0.144410 37.467719 37.467719 
4.792091 0.144389 37.442127 37.442127 
4.802116 0.144369 37.416534 37.416534 
4.812142 0.144348 37.390942 37.390942 
4.822167 0.144327 37.365349 37.365349 
4.832192 0.144306 37.339757 37.339757 
4.842218 0.144285 37.314164 37.314164 
4.852243 0.144265 37.288572 37.288572 
4.862268 0.144244 37.262980 37.262980 
4.872293 0.144223 37.237387 37.237387 
4.882319 0.144202 37.211795 37.211795 
4.892344 0.144182 37.186202 37.186202 
4.902369 0.144161 37.160610 37.160610 
4.912395 0.144140 37.135018 37.135018 
4.922420 0.144119 37.109425 37.109425 
4.932445 0.144098 37.083833 37.083833 
4.942470 0.144078 37.058240 37.058240 
4.952496 0.144057 37.032648 37.032648 
4.962521 0.144036 37.007056 37.007056 
4.972546 0.144015 36.981463 36.981463 
4.982572 0.143995 36.955871 36.955871 
4.992597 0.143974 36.930278 36.930278 
5.002622 0.143953 36.904686 36.904686 
5.012648 0.143932 36.879094 36.879094 
5.022673 0.143911 36.853501 36.853501 
5.032698 0.143891 36.827909 36.827909 
5.042723 0.143870 36.802316 36.802316 
5.052749 0.143849 36.776724 36.776724 
5.062774 0.143828 36.751132 36.751132 
5.072799 0.143808 36.725539 36.725539 
5.082825 0.143787 36.699947 36.699947 
5.092850 0.143766 36.674354 36.674354 
5.102875 0.143745 36.648762 36.648762 
5.112901 0.143724 36.623170 36.623170 
5.122926 0.143704 36.597577 36.597577 
5.132951 0.143683 36.571985 36.571985 
5.142976 0.143662 36.546392 36.546392 
5.153002 0.143641 36.520800 36.520800 
5.163027 0.143621 36.495208 36.495208 
5.173052 0.143600 36.469615 36.469615 
5.183078 0.143579 36.444023 36.444023 
5.193103 0.143558 36.418430 36.418430 
5.203128 0.143537 36.392838 36.392838 
5.213153 0.143517 36.367246 36.367246 
5.223179 0.143496 36.341653 36.341653 
5.233204 0.143475 36.316061 36.316061 
5.243229 0.143454 36.290468 36.290468 
5.253255 0.143434 36.264876 36.264876 
5.263280 0.143413 36.239284 36.239284 
5.273305 0.143392 36.213691 36.213691 
5.283331 0.143371 36.188099 36.188099 
5.293356 0.143351 36.162506 36.162506 
5.303381 0.143330 36.136914 36.136914 
5.313406 0.143309 36.111321 36.111321 
5.323432 0.143288 36.085729 36.085729 
5.333457 0.143267 36.060137 36.060137 
5.343482 0.143247 36.034544 36.034544 
5.353508 0.143226 36.008952 36.008952 
5.363533 0.143205 35.983359 35.983359 
5.373558 0.143184 35.957767 35.957767 
5.383583 0.143164 35.932175 35.932175 
5.393609 0.143143 35.906582 35.906582 
5.403634 0.143122 35.880990 35.880990 
5.413659 0.143101 35.855397 35.855397 
5.423685 0.143080 35.829805 35.829805 
5.433710 0.143060 35.804213 35.804213 
5.443735 0.143039 35.778620 35.778620 
5.453761 0.143018 35.753028 35.753028 
5.463786 0.142997 35.727435 35.727435 
5.473811 0.142977 35.701843 35.701843 
5.483836 0.142956 35.676251 35.676251 
5.493862 0.142935 35.650658 35.650658 
5.503887 0.142914 35.625066 35.625066 
5.513912 0.142893 35.599473 35.599473 
5.523938 0.142873 35.573881 35.573881 
5.533963 0.142852 35.548289 35.548289 
5.543988 0.142831 35.522696 35.522696 
5.554013 0.142810 35.497104 35.497104 
5.564039 0.142790 35.471511 35.471511 
5.574064 0.142769 35.445919 35.445919 
5.584089 0.142748 35.420327 35.420327 
5.594115 0.142727 35.394734 35.394734 
5.604140 0.142706 35.369142 35.369142 
5.614165 0.142686 35.343549 35.343549 
5.624191 0.142665 35.317957 35.317957 
5.634216 0.142644 35.292365 35.292365 
5.644241 0.142623 35.266772 35.266772 
5.654266 0.142603 35.241180 35.241180 
5.664292 0.142582 35.215587 35.215587 
5.674317 0.142561 35.189995 35.189995 
5.684342 0.142540 35.164403 35.164403 
5.694368 0.142519 35.138810 35.138810 
5.704393 0.142499 35.113218 35.113218 
5.714418 0.142478 35.087625 35.087625 
5.724444 0.142457 35.062033 35.062033 
5.734469 0.142436 35.036440 35.036440 
5.744494 0.142416 35.010848 35.010848 
5.754519 0.142395 34.985256 34.985256 
5.764545 0.142374 34.959663 34.959663 
5.774570 0.142353 34.934071 34.934071 
5.784595 0.142332 34.908478 34.908478 
5.794621 0.142312 34.882886 34.882886 
5.804646 0.142291 34.857294 34.857294 
5.814671 0.142270 34.831701 34.831701 
5.824696 0.142249 34.806109 34.806109 
5.834722 0.142229 34.780516 34.780516 
5.844747 0.142208 34.754924 34.754924 
5.854772 0.142187 34.729332 34.729332 
5.864798 0.142166 34.703739 34.703739 
5.874823 0.142145 34.678147 34.678147 
5.884848 0.142125 34.652554 34.652554 
5.894874 0.142104 34.626962 34.626962 
5.904899 0.142083 34.601370 34.601370 
5.914924 0.142062 34.575777 34.575777 
5.924949 0.142042 34.550185 34.550185 
5.934975 0.142021 34.524592 34.524592 
5.945000 0.142000 34.499000 34.499000 
