0.000000 37.979456 
0.010035 37.971237 
0.020070 37.963017 
0.030105 37.954798 
0.040139 37.946579 
0.050174 37.938360 
0.060209 37.930141 
0.070244 37.921922 
0.080279 37.913702 
0.090314 37.905483 
0.100349 37.897264 
0.110383 37.889045 
0.120418 37.880826 
0.130453 37.872606 
0.140488 37.864387 
0.150523 37.856168 
0.160558 37.847949 
0.170593 37.839730 
0.180628 37.831510 
0.190662 37.823291 
0.200697 37.815072 
0.210732 37.806853 
0.220767 37.798634 
0.230802 37.790415 
0.240837 37.782195 
0.250872 37.773976 
0.260906 37.765757 
0.270941 37.757538 
0.280976 37.749319 
0.291011 37.741099 
0.301046 37.732880 
0.311081 37.724661 
0.321116 37.716442 
0.331150 37.708223 
0.341185 37.700004 
0.351220 37.691784 
0.361255 37.683565 
0.371290 37.675346 
0.381325 37.667127 
0.391360 37.658908 
0.401394 37.650688 
0.411429 37.642469 
0.421464 37.634250 
0.431499 37.626031 
0.441534 37.617812 
0.451569 37.609592 
0.461604 37.601373 
0.471639 37.593154 
0.481673 37.584935 
0.491708 37.576716 
0.501743 37.568497 
0.511778 37.560277 
0.521813 37.552058 
0.531848 37.543839 
0.541883 37.535620 
0.551917 37.527401 
0.561952 37.519181 
0.571987 37.510962 
0.582022 37.502743 
0.592057 37.494524 
0.602092 37.486305 
0.612127 37.478086 
0.622161 37.469866 
0.632196 37.461647 
0.642231 37.453428 
0.652266 37.445209 
0.662301 37.436990 
0.672336 37.428770 
0.682371 37.420551 
0.692406 37.412332 
0.702440 37.404113 
0.712475 37.395894 
0.722510 37.387674 
0.732545 37.379455 
0.742580 37.371236 
0.752615 37.363017 
0.762650 37.354798 
0.772684 37.346579 
0.782719 37.338359 
0.792754 37.330140 
0.802789 37.321921 
0.812824 37.313702 
0.822859 37.305483 
0.832894 37.297263 
0.842928 37.289044 
0.852963 37.280825 
0.862998 37.272606 
0.873033 37.264387 
0.883068 37.256168 
0.893103 37.247948 
0.903138 37.239729 
0.913172 37.231510 
0.923207 37.223291 
0.933242 37.215072 
0.943277 37.206852 
0.953312 37.198633 
0.963347 37.190414 
0.973382 37.182195 
0.983417 37.173976 
0.993451 37.165756 
1.003486 37.157537 
1.013521 37.149318 
1.023556 37.141099 
1.033591 37.132880 
1.043626 37.124661 
1.053661 37.116441 
1.063695 37.108222 
1.073730 37.100003 
1.083765 37.091784 
1.093800 37.083565 
1.103835 37.075345 
1.113870 37.067126 
1.123905 37.058907 
1.133939 37.050688 
1.143974 37.042469 
1.154009 37.034250 
1.164044 37.026030 
1.174079 37.017811 
1.184114 37.009592 
1.194149 37.001373 
1.204183 36.993154 
1.214218 36.984934 
1.224253 36.976715 
1.234288 36.968496 
1.244323 36.960277 
1.254358 36.952058 
1.264393 36.943839 
1.274428 36.935619 
1.284462 36.927400 
1.294497 36.919181 
1.304532 36.910962 
1.314567 36.902743 
1.324602 36.894523 
1.334637 36.886304 
1.344672 36.878085 
1.354706 36.869866 
1.364741 36.861647 
1.374776 36.853427 
1.384811 36.845208 
1.394846 36.836989 
1.404881 36.828770 
1.414916 36.820551 
1.424950 36.812332 
1.434985 36.804112 
1.445020 36.795893 
1.455055 36.787674 
1.465090 36.779455 
1.475125 36.771236 
1.485160 36.763016 
1.495194 36.754797 
1.505229 36.746578 
1.515264 36.738359 
1.525299 36.730140 
1.535334 36.721921 
1.545369 36.713701 
1.555404 36.705482 
1.565439 36.697263 
1.575473 36.689044 
1.585508 36.680825 
1.595543 36.672605 
1.605578 36.664386 
1.615613 36.656167 
1.625648 36.647948 
1.635683 36.639729 
1.645717 36.631509 
1.655752 36.623290 
1.665787 36.615071 
1.675822 36.606852 
1.685857 36.598633 
1.695892 36.590414 
1.705927 36.582194 
1.715961 36.573975 
1.725996 36.565756 
1.736031 36.557537 
1.746066 36.549318 
1.756101 36.541098 
1.766136 36.532879 
1.776171 36.524660 
1.786206 36.516441 
1.796240 36.508222 
1.806275 36.500003 
1.816310 36.491783 
1.826345 36.483564 
1.836380 36.475345 
1.846415 36.467126 
1.856450 36.458907 
1.866484 36.450687 
1.876519 36.442468 
1.886554 36.434249 
1.896589 36.426030 
1.906624 36.417811 
1.916659 36.409591 
1.926694 36.401372 
1.936728 36.393153 
1.946763 36.384934 
1.956798 36.376715 
1.966833 36.368496 
1.976868 36.360276 
1.986903 36.352057 
1.996938 36.343838 
2.006972 36.335619 
2.017007 36.327400 
2.027042 36.319180 
2.037077 36.310961 
2.047112 36.302742 
2.057147 36.294523 
2.067182 36.286304 
2.077217 36.278085 
2.087251 36.269865 
2.097286 36.261646 
2.107321 36.253427 
2.117356 36.245208 
2.127391 36.236989 
2.137426 36.228769 
2.147461 36.220550 
2.157495 36.212331 
2.167530 36.204112 
2.177565 36.195893 
2.187600 36.187673 
2.197635 36.179454 
2.207670 36.171235 
2.217705 36.163016 
2.227739 36.154797 
2.237774 36.146578 
2.247809 36.138358 
2.257844 36.130139 
2.267879 36.121920 
2.277914 36.113701 
2.287949 36.105482 
2.297983 36.097262 
2.308018 36.089043 
2.318053 36.080824 
2.328088 36.072605 
2.338123 36.064386 
2.348158 36.056167 
2.358193 36.047947 
2.368228 36.039728 
2.378262 36.031509 
2.388297 36.023290 
2.398332 36.015071 
2.408367 36.006851 
2.418402 35.998632 
2.428437 35.990413 
2.438472 35.982194 
2.448506 35.973975 
2.458541 35.965755 
2.468576 35.957536 
2.478611 35.949317 
2.488646 35.941098 
2.498681 35.932879 
2.508716 35.924660 
2.518750 35.916440 
2.528785 35.908221 
2.538820 35.900002 
2.548855 35.891783 
2.558890 35.883564 
2.568925 35.875344 
2.578960 35.867125 
2.588994 35.858906 
2.599029 35.850687 
2.609064 35.842468 
2.619099 35.834249 
2.629134 35.826029 
2.639169 35.817810 
2.649204 35.809591 
2.659239 35.801372 
2.669273 35.793153 
2.679308 35.784933 
2.689343 35.776714 
2.699378 35.768495 
2.709413 35.760276 
2.719448 35.752057 
2.729483 35.743837 
2.739517 35.735618 
2.749552 35.727399 
2.759587 35.719180 
2.769622 35.710961 
2.779657 35.702742 
2.789692 35.694522 
2.799727 35.686303 
2.809761 35.678084 
2.819796 35.669865 
2.829831 35.661646 
2.839866 35.653426 
2.849901 35.645207 
2.859936 35.636988 
2.869971 35.628769 
2.880006 35.620550 
2.890040 35.612331 
2.900075 35.604111 
2.910110 35.595892 
2.920145 35.587673 
2.930180 35.579454 
2.940215 35.571235 
2.950250 35.563015 
2.960284 35.554796 
2.970319 35.546577 
2.980354 35.538358 
2.990389 35.530139 
3.000424 35.521920 
3.010459 35.513700 
3.020494 35.505481 
3.030528 35.497262 
3.040563 35.489043 
3.050598 35.480824 
3.060633 35.472604 
3.070668 35.464385 
3.080703 35.456166 
3.090738 35.447947 
3.100772 35.439728 
3.110807 35.431508 
3.120842 35.423289 
3.130877 35.415070 
3.140912 35.406851 
3.150947 35.398632 
3.160982 35.390413 
3.171017 35.382193 
3.181051 35.373974 
3.191086 35.365755 
3.201121 35.357536 
3.211156 35.349317 
3.221191 35.341097 
3.231226 35.332878 
3.241261 35.324659 
3.251295 35.316440 
3.261330 35.308221 
3.271365 35.300002 
3.281400 35.291782 
3.291435 35.283563 
3.301470 35.275344 
3.311505 35.267125 
3.321539 35.258906 
3.331574 35.250686 
3.341609 35.242467 
3.351644 35.234248 
3.361679 35.226029 
3.371714 35.217810 
3.381749 35.209590 
3.391783 35.201371 
3.401818 35.193152 
3.411853 35.184933 
3.421888 35.176714 
3.431923 35.168495 
3.441958 35.160275 
3.451993 35.152056 
3.462028 35.143837 
3.472062 35.135618 
3.482097 35.127399 
3.492132 35.119179 
3.502167 35.110960 
3.512202 35.102741 
3.522237 35.094522 
3.532272 35.086303 
3.542306 35.078084 
3.552341 35.069864 
3.562376 35.061645 
3.572411 35.053426 
3.582446 35.045207 
3.592481 35.036988 
3.602516 35.028768 
3.612550 35.020549 
3.622585 35.012330 
3.632620 35.004111 
3.642655 34.995892 
3.652690 34.987672 
3.662725 34.979453 
3.672760 34.971234 
3.682794 34.963015 
3.692829 34.954796 
3.702864 34.946577 
3.712899 34.938357 
3.722934 34.930138 
3.732969 34.921919 
3.743004 34.913700 
3.753039 34.905481 
3.763073 34.897261 
3.773108 34.889042 
3.783143 34.880823 
3.793178 34.872604 
3.803213 34.864385 
3.813248 34.856166 
3.823283 34.847946 
3.833317 34.839727 
3.843352 34.831508 
3.853387 34.823289 
3.863422 34.815070 
3.873457 34.806850 
3.883492 34.798631 
3.893527 34.790412 
3.903561 34.782193 
3.913596 34.773974 
3.923631 34.765754 
3.933666 34.757535 
3.943701 34.749316 
3.953736 34.741097 
3.963771 34.732878 
3.973806 34.724659 
3.983840 34.716439 
3.993875 34.708220 
4.003910 34.700001 
4.013945 34.691782 
4.023980 34.683563 
4.034015 34.675343 
4.044050 34.667124 
4.054084 34.658905 
4.064119 34.650686 
4.074154 34.642467 
4.084189 34.634248 
4.094224 34.626028 
4.104259 34.617809 
4.114294 34.609590 
4.124328 34.601371 
4.134363 34.593152 
4.144398 34.584932 
4.154433 34.576713 
4.164468 34.568494 
4.174503 34.560275 
4.184538 34.552056 
4.194572 34.543836 
4.204607 34.535617 
4.214642 34.527398 
4.224677 34.519179 
4.234712 34.510960 
4.244747 34.502741 
4.254782 34.494521 
4.264817 34.486302 
4.274851 34.478083 
4.284886 34.469864 
4.294921 34.461645 
4.304956 34.453425 
4.314991 34.445206 
4.325026 34.436987 
4.335061 34.428768 
4.345095 34.420549 
4.355130 34.412330 
4.365165 34.404110 
4.375200 34.395891 
4.385235 34.387672 
4.395270 34.379453 
4.405305 34.371234 
4.415339 34.363014 
4.425374 34.354795 
4.435409 34.346576 
4.445444 34.338357 
4.455479 34.330138 
4.465514 34.321918 
4.475549 34.313699 
4.485583 34.305480 
4.495618 34.297261 
4.505653 34.289042 
4.515688 34.280823 
4.525723 34.272603 
4.535758 34.264384 
4.545793 34.256165 
4.555828 34.247946 
4.565862 34.239727 
4.575897 34.231507 
4.585932 34.223288 
4.595967 34.215069 
4.606002 34.206850 
4.616037 34.198631 
4.626072 34.190412 
4.636106 34.182192 
4.646141 34.173973 
4.656176 34.165754 
4.666211 34.157535 
4.676246 34.149316 
4.686281 34.141096 
4.696316 34.132877 
4.706350 34.124658 
4.716385 34.116439 
4.726420 34.108220 
4.736455 34.100001 
4.746490 34.091781 
4.756525 34.083562 
4.766560 34.075343 
4.776594 34.067124 
4.786629 34.058905 
4.796664 34.050685 
4.806699 34.042466 
4.816734 34.034247 
4.826769 34.026028 
4.836804 34.017809 
4.846839 34.009589 
4.856873 34.001370 
4.866908 33.993151 
4.876943 33.984932 
4.886978 33.976713 
4.897013 33.968494 
4.907048 33.960274 
4.917083 33.952055 
4.927117 33.943836 
4.937152 33.935617 
4.947187 33.927398 
4.957222 33.919178 
4.967257 33.910959 
4.977292 33.902740 
4.987327 33.894521 
4.997361 33.886302 
5.007396 33.878083 
5.017431 33.869863 
5.027466 33.861644 
5.037501 33.853425 
5.047536 33.845206 
5.057571 33.836987 
5.067606 33.828767 
5.077640 33.820548 
5.087675 33.812329 
5.097710 33.804110 
5.107745 33.795891 
5.117780 33.787671 
5.127815 33.779452 
5.137850 33.771233 
5.147884 33.763014 
5.157919 33.754795 
5.167954 33.746576 
5.177989 33.738356 
5.188024 33.730137 
5.198059 33.721918 
5.208094 33.713699 
5.218128 33.705480 
5.228163 33.697260 
5.238198 33.689041 
5.248233 33.680822 
5.258268 33.672603 
5.268303 33.664384 
5.278338 33.656165 
5.288372 33.647945 
5.298407 33.639726 
5.308442 33.631507 
5.318477 33.623288 
5.328512 33.615069 
5.338547 33.606849 
5.348582 33.598630 
5.358617 33.590411 
5.368651 33.582192 
5.378686 33.573973 
5.388721 33.565753 
5.398756 33.557534 
5.408791 33.549315 
5.418826 33.541096 
5.428861 33.532877 
5.438895 33.524658 
5.448930 33.516438 
5.458965 33.508219 
5.469000 33.500000 
