  0.00000  0.000000E+00  0.000000E+00  0.9807E+05  0.462134E+01  0.9750E+02  0.1299E-01  0.1464E-01
  0.00017  0.618689E+02  0.161856E+02  0.1471E+06  0.462134E+01  0.9750E+02  0.1299E-01  0.2123E-01
  0.00033  0.824918E+02  0.297064E+02  0.1961E+06  0.462130E+01  0.9750E+02  0.1299E-01  0.2123E-01
  0.00048  0.103115E+03  0.435207E+02  0.2452E+06  0.462126E+01  0.9750E+02  0.1299E-01  0.2123E-01
  0.00062  0.123738E+03  0.576396E+02  0.2942E+06  0.462121E+01  0.9750E+02  0.1299E-01  0.2123E-01
  0.00076  0.144361E+03  0.720293E+02  0.3432E+06  0.462117E+01  0.9750E+02  0.1299E-01  0.2123E-01
  0.00089  0.164984E+03  0.866549E+02  0.3923E+06  0.462112E+01  0.9750E+02  0.1299E-01  0.2123E-01
  0.00103  0.185607E+03  0.101487E+03  0.4413E+06  0.462108E+01  0.9750E+02  0.1299E-01  0.2123E-01
  0.00116  0.206230E+03  0.116500E+03  0.4903E+06  0.462103E+01  0.9750E+02  0.1299E-01  0.2123E-01
  0.00129  0.226852E+03  0.131675E+03  0.5394E+06  0.462098E+01  0.9750E+02  0.1299E-01  0.2123E-01
  0.00142  0.247475E+03  0.146994E+03  0.5884E+06  0.462093E+01  0.9750E+02  0.1299E-01  0.2123E-01
  0.00154  0.268098E+03  0.162445E+03  0.6374E+06  0.462088E+01  0.9750E+02  0.1299E-01  0.2123E-01
  0.00167  0.288721E+03  0.178014E+03  0.6865E+06  0.462083E+01  0.9750E+02  0.1299E-01  0.2123E-01
  0.00180  0.309344E+03  0.193693E+03  0.7355E+06  0.462078E+01  0.9750E+02  0.1299E-01  0.2123E-01
  0.00193  0.329967E+03  0.209472E+03  0.7845E+06  0.462073E+01  0.9750E+02  0.1299E-01  0.2123E-01
  0.00206  0.350590E+03  0.225344E+03  0.8336E+06  0.462067E+01  0.9750E+02  0.1299E-01  0.2123E-01
  0.00219  0.371213E+03  0.241303E+03  0.8826E+06  0.462062E+01  0.9750E+02  0.1299E-01  0.2123E-01
  0.00231  0.391836E+03  0.257342E+03  0.9316E+06  0.462056E+01  0.9750E+02  0.1299E-01  0.2123E-01
  0.00244  0.412459E+03  0.273456E+03  0.9807E+06  0.462050E+01  0.9750E+02  0.1299E-01  0.2123E-01
  0.00257  0.433082E+03  0.289642E+03  0.1030E+07  0.462044E+01  0.9750E+02  0.1299E-01  0.2123E-01
  0.00271  0.453705E+03  0.305894E+03  0.1079E+07  0.462038E+01  0.9750E+02  0.1299E-01  0.2123E-01
  0.00284  0.474328E+03  0.322210E+03  0.1128E+07  0.462032E+01  0.9750E+02  0.1299E-01  0.2123E-01
  0.00297  0.494951E+03  0.338586E+03  0.1177E+07  0.462026E+01  0.9750E+02  0.1299E-01  0.2123E-01
  0.00310  0.515574E+03  0.355018E+03  0.1226E+07  0.462020E+01  0.9750E+02  0.1299E-01  0.2123E-01
  0.00324  0.536197E+03  0.371504E+03  0.1275E+07  0.462013E+01  0.9750E+02  0.1299E-01  0.2123E-01
  0.00338  0.556820E+03  0.388042E+03  0.1324E+07  0.462007E+01  0.9750E+02  0.1299E-01  0.2123E-01
  0.00351  0.577443E+03  0.404629E+03  0.1373E+07  0.462000E+01  0.9750E+02  0.1299E-01  0.2123E-01
  0.00365  0.598066E+03  0.421263E+03  0.1422E+07  0.461993E+01  0.9750E+02  0.1299E-01  0.2123E-01
  0.00380  0.618689E+03  0.437941E+03  0.1471E+07  0.461986E+01  0.9750E+02  0.1299E-01  0.2123E-01
  0.00394  0.639311E+03  0.454663E+03  0.1520E+07  0.461979E+01  0.9750E+02  0.1299E-01  0.2123E-01
  0.00408  0.659934E+03  0.471427E+03  0.1569E+07  0.461972E+01  0.9750E+02  0.1299E-01  0.2123E-01
  0.00423  0.680557E+03  0.488230E+03  0.1618E+07  0.461964E+01  0.9750E+02  0.1299E-01  0.2122E-01
  0.00438  0.701180E+03  0.505072E+03  0.1667E+07  0.461956E+01  0.9750E+02  0.1299E-01  0.2122E-01
  0.00453  0.721803E+03  0.522486E+03  0.1716E+07  0.461949E+01  0.9750E+02  0.1299E-01  0.2122E-01
  0.00468  0.742426E+03  0.540551E+03  0.1765E+07  0.461941E+01  0.9750E+02  0.1299E-01  0.2122E-01
  0.00484  0.763049E+03  0.558660E+03  0.1814E+07  0.461932E+01  0.9750E+02  0.1299E-01  0.2122E-01
  0.00500  0.783672E+03  0.576809E+03  0.1863E+07  0.461924E+01  0.9750E+02  0.1299E-01  0.2122E-01
  0.00516  0.804295E+03  0.594997E+03  0.1912E+07  0.461915E+01  0.9750E+02  0.1299E-01  0.2122E-01
  0.00532  0.824918E+03  0.613224E+03  0.1961E+07  0.461906E+01  0.9750E+02  0.1299E-01  0.2122E-01
  0.00549  0.845541E+03  0.631487E+03  0.2010E+07  0.461898E+01  0.9750E+02  0.1299E-01  0.2122E-01
  0.00566  0.866164E+03  0.649785E+03  0.2059E+07  0.461888E+01  0.9750E+02  0.1299E-01  0.2122E-01
  0.00583  0.886787E+03  0.668118E+03  0.2108E+07  0.461879E+01  0.9750E+02  0.1299E-01  0.2122E-01
  0.00601  0.907410E+03  0.686484E+03  0.2157E+07  0.461869E+01  0.9750E+02  0.1299E-01  0.2122E-01
  0.00619  0.928033E+03  0.704882E+03  0.2206E+07  0.461859E+01  0.9750E+02  0.1299E-01  0.2122E-01
  0.00637  0.948656E+03  0.723312E+03  0.2256E+07  0.461849E+01  0.9750E+02  0.1299E-01  0.2122E-01
  0.00656  0.969279E+03  0.741771E+03  0.2305E+07  0.461838E+01  0.9750E+02  0.1299E-01  0.2122E-01
  0.00675  0.989902E+03  0.760261E+03  0.2354E+07  0.461827E+01  0.9750E+02  0.1299E-01  0.2122E-01
  0.00695  0.101052E+04  0.778778E+03  0.2403E+07  0.461816E+01  0.9750E+02  0.1299E-01  0.2122E-01
  0.00715  0.103115E+04  0.797324E+03  0.2452E+07  0.461805E+01  0.9750E+02  0.1299E-01  0.2122E-01
  0.00736  0.105177E+04  0.815896E+03  0.2501E+07  0.461793E+01  0.9750E+02  0.1299E-01  0.2122E-01
  0.00757  0.107239E+04  0.834495E+03  0.2550E+07  0.461780E+01  0.9750E+02  0.1299E-01  0.2122E-01
  0.00779  0.109302E+04  0.853120E+03  0.2599E+07  0.461768E+01  0.9750E+02  0.1299E-01  0.2122E-01
  0.00802  0.111364E+04  0.871769E+03  0.2648E+07  0.461755E+01  0.9750E+02  0.1299E-01  0.2122E-01
  0.00825  0.113426E+04  0.890443E+03  0.2697E+07  0.461741E+01  0.9750E+02  0.1299E-01  0.2122E-01
  0.00849  0.115489E+04  0.910882E+03  0.2746E+07  0.461726E+01  0.9750E+02  0.1299E-01  0.2122E-01
  0.00873  0.117551E+04  0.931505E+03  0.2795E+07  0.461712E+01  0.9750E+02  0.1299E-01  0.2122E-01
  0.00899  0.119613E+04  0.952128E+03  0.2844E+07  0.461697E+01  0.9750E+02  0.1298E-01  0.2122E-01
  0.00925  0.121675E+04  0.972751E+03  0.2893E+07  0.461681E+01  0.9750E+02  0.1298E-01  0.2122E-01
  0.00952  0.123738E+04  0.993374E+03  0.2942E+07  0.461665E+01  0.9750E+02  0.1298E-01  0.2121E-01
  0.00981  0.125800E+04  0.101400E+04  0.2991E+07  0.461648E+01  0.9750E+02  0.1298E-01  0.2121E-01
  0.01010  0.127862E+04  0.103462E+04  0.3040E+07  0.461631E+01  0.9750E+02  0.1298E-01  0.2121E-01
  0.01041  0.129925E+04  0.105524E+04  0.3089E+07  0.461612E+01  0.9750E+02  0.1298E-01  0.2121E-01
  0.01073  0.131987E+04  0.107587E+04  0.3138E+07  0.461593E+01  0.9750E+02  0.1298E-01  0.2121E-01
  0.01107  0.134049E+04  0.109649E+04  0.3187E+07  0.461572E+01  0.9750E+02  0.1298E-01  0.2121E-01
  0.01142  0.136111E+04  0.111711E+04  0.3236E+07  0.461551E+01  0.9750E+02  0.1298E-01  0.2121E-01
  0.01179  0.138174E+04  0.113773E+04  0.3285E+07  0.461528E+01  0.9750E+02  0.1298E-01  0.2121E-01
  0.01218  0.140236E+04  0.115836E+04  0.3334E+07  0.461505E+01  0.9750E+02  0.1298E-01  0.2121E-01
  0.01260  0.142298E+04  0.117898E+04  0.3383E+07  0.461480E+01  0.9750E+02  0.1298E-01  0.2121E-01
  0.01303  0.144361E+04  0.119960E+04  0.3432E+07  0.461453E+01  0.9750E+02  0.1298E-01  0.2121E-01
  0.01350  0.146423E+04  0.122023E+04  0.3481E+07  0.461424E+01  0.9750E+02  0.1298E-01  0.2121E-01
  0.01400  0.148485E+04  0.124085E+04  0.3530E+07  0.461394E+01  0.9750E+02  0.1298E-01  0.2121E-01
  0.01454  0.150548E+04  0.126147E+04  0.3579E+07  0.461361E+01  0.9750E+02  0.1298E-01  0.2120E-01
  0.01513  0.152610E+04  0.128209E+04  0.3628E+07  0.461326E+01  0.9750E+02  0.1298E-01  0.2120E-01
  0.01577  0.154672E+04  0.130272E+04  0.3677E+07  0.461287E+01  0.9750E+02  0.1298E-01  0.2120E-01
  0.01648  0.156734E+04  0.132334E+04  0.3727E+07  0.461245E+01  0.9750E+02  0.1298E-01  0.2120E-01
  0.01726  0.158797E+04  0.134396E+04  0.3776E+07  0.461198E+01  0.9750E+02  0.1298E-01  0.2120E-01
  0.01815  0.160859E+04  0.136459E+04  0.3825E+07  0.461145E+01  0.9750E+02  0.1298E-01  0.2120E-01
  0.01917  0.162921E+04  0.138521E+04  0.3874E+07  0.461086E+01  0.9750E+02  0.1298E-01  0.2119E-01
  0.02036  0.164984E+04  0.140583E+04  0.3923E+07  0.461018E+01  0.9750E+02  0.1298E-01  0.2119E-01
  0.02181  0.167046E+04  0.142646E+04  0.3972E+07  0.460937E+01  0.9750E+02  0.1298E-01  0.2119E-01
  0.02365  0.169108E+04  0.144708E+04  0.4021E+07  0.460839E+01  0.9750E+02  0.1298E-01  0.2119E-01
  0.02617  0.171171E+04  0.146770E+04  0.4070E+07  0.460714E+01  0.9750E+02  0.1298E-01  0.2118E-01
  0.03014  0.173233E+04  0.148832E+04  0.4119E+07  0.460542E+01  0.9750E+02  0.1297E-01  0.2118E-01
  0.03500  0.174314E+04  0.149914E+04  0.4145E+07  0.460271E+01  0.9750E+02  0.1297E-01  0.2117E-01
  0.03988  0.174672E+04  0.150272E+04  0.4153E+07  0.459937E+01  0.9750E+02  0.1297E-01  0.2115E-01
  0.04478  0.174826E+04  0.150425E+04  0.4157E+07  0.459602E+01  0.9750E+02  0.1297E-01  0.2114E-01
  0.04971  0.174921E+04  0.150521E+04  0.4159E+07  0.459265E+01  0.9750E+02  0.1296E-01  0.2113E-01
  0.05466  0.175001E+04  0.150600E+04  0.4161E+07  0.458926E+01  0.9750E+02  0.1296E-01  0.2112E-01
  0.05963  0.175076E+04  0.150676E+04  0.4163E+07  0.458584E+01  0.9750E+02  0.1296E-01  0.2111E-01
  0.06463  0.175150E+04  0.150750E+04  0.4164E+07  0.458241E+01  0.9750E+02  0.1295E-01  0.2109E-01
  0.06965  0.175224E+04  0.150824E+04  0.4166E+07  0.457897E+01  0.9750E+02  0.1295E-01  0.2108E-01
  0.07470  0.175299E+04  0.150898E+04  0.4168E+07  0.457550E+01  0.9750E+02  0.1295E-01  0.2107E-01
  0.07977  0.175374E+04  0.150973E+04  0.4170E+07  0.457202E+01  0.9750E+02  0.1294E-01  0.2106E-01
  0.08487  0.175449E+04  0.151048E+04  0.4171E+07  0.456851E+01  0.9750E+02  0.1294E-01  0.2105E-01
  0.09000  0.175524E+04  0.151124E+04  0.4173E+07  0.456499E+01  0.9750E+02  0.1294E-01  0.2103E-01
  0.09515  0.175600E+04  0.151200E+04  0.4175E+07  0.456145E+01  0.9750E+02  0.1293E-01  0.2102E-01
  0.10032  0.175677E+04  0.151276E+04  0.4177E+07  0.455789E+01  0.9750E+02  0.1293E-01  0.2101E-01
  0.10552  0.175753E+04  0.151353E+04  0.4179E+07  0.455432E+01  0.9750E+02  0.1293E-01  0.2100E-01
  0.11075  0.175831E+04  0.151430E+04  0.4181E+07  0.455072E+01  0.9750E+02  0.1292E-01  0.2098E-01
  0.11600  0.175908E+04  0.151508E+04  0.4182E+07  0.454710E+01  0.9750E+02  0.1292E-01  0.2097E-01
  0.12128  0.175986E+04  0.151586E+04  0.4184E+07  0.454346E+01  0.9750E+02  0.1292E-01  0.2096E-01
  0.12658  0.176065E+04  0.151664E+04  0.4186E+07  0.453980E+01  0.9750E+02  0.1291E-01  0.2095E-01
  0.13191  0.176143E+04  0.151743E+04  0.4188E+07  0.453613E+01  0.9750E+02  0.1291E-01  0.2093E-01
  0.13727  0.176223E+04  0.151822E+04  0.4190E+07  0.453243E+01  0.9750E+02  0.1291E-01  0.2092E-01
  0.14265  0.176302E+04  0.151902E+04  0.4192E+07  0.452871E+01  0.9750E+02  0.1290E-01  0.2091E-01
  0.14806  0.176382E+04  0.151982E+04  0.4194E+07  0.452497E+01  0.9750E+02  0.1290E-01  0.2089E-01
  0.15350  0.176463E+04  0.152062E+04  0.4196E+07  0.452122E+01  0.9750E+02  0.1289E-01  0.2088E-01
  0.15897  0.176544E+04  0.152143E+04  0.4198E+07  0.451744E+01  0.9750E+02  0.1289E-01  0.2087E-01
  0.16446  0.176625E+04  0.152225E+04  0.4199E+07  0.451364E+01  0.9750E+02  0.1289E-01  0.2085E-01
  0.16998  0.176707E+04  0.152306E+04  0.4201E+07  0.450982E+01  0.9750E+02  0.1288E-01  0.2084E-01
  0.17552  0.176789E+04  0.152389E+04  0.4203E+07  0.450598E+01  0.9750E+02  0.1288E-01  0.2083E-01
  0.18110  0.176871E+04  0.152471E+04  0.4205E+07  0.450212E+01  0.9750E+02  0.1288E-01  0.2081E-01
  0.18670  0.176954E+04  0.152554E+04  0.4207E+07  0.449824E+01  0.9750E+02  0.1287E-01  0.2080E-01
  0.19233  0.177038E+04  0.152638E+04  0.4209E+07  0.449434E+01  0.9750E+02  0.1287E-01  0.2078E-01
  0.19799  0.177122E+04  0.152721E+04  0.4211E+07  0.449041E+01  0.9750E+02  0.1286E-01  0.2077E-01
  0.20368  0.177206E+04  0.152806E+04  0.4213E+07  0.448647E+01  0.9750E+02  0.1286E-01  0.2076E-01
  0.20939  0.177291E+04  0.152891E+04  0.4215E+07  0.448250E+01  0.9750E+02  0.1286E-01  0.2074E-01
  0.21513  0.177376E+04  0.152976E+04  0.4217E+07  0.447851E+01  0.9750E+02  0.1285E-01  0.2073E-01
  0.22091  0.177462E+04  0.153061E+04  0.4219E+07  0.447450E+01  0.9750E+02  0.1285E-01  0.2071E-01
  0.22671  0.177548E+04  0.153148E+04  0.4221E+07  0.447047E+01  0.9750E+02  0.1284E-01  0.2070E-01
  0.23254  0.177635E+04  0.153234E+04  0.4223E+07  0.446641E+01  0.9750E+02  0.1284E-01  0.2069E-01
  0.23840  0.177722E+04  0.153321E+04  0.4226E+07  0.446234E+01  0.9750E+02  0.1284E-01  0.2067E-01
  0.24429  0.177809E+04  0.153409E+04  0.4228E+07  0.445824E+01  0.9750E+02  0.1283E-01  0.2066E-01
  0.25021  0.177897E+04  0.153497E+04  0.4230E+07  0.445411E+01  0.9750E+02  0.1283E-01  0.2064E-01
  0.25615  0.177985E+04  0.153585E+04  0.4232E+07  0.444996E+01  0.9750E+02  0.1282E-01  0.2063E-01
  0.26213  0.178074E+04  0.153674E+04  0.4234E+07  0.444580E+01  0.9750E+02  0.1282E-01  0.2061E-01
  0.26814  0.178164E+04  0.153763E+04  0.4236E+07  0.444161E+01  0.9750E+02  0.1282E-01  0.2060E-01
  0.27418  0.178254E+04  0.153853E+04  0.4238E+07  0.443739E+01  0.9750E+02  0.1281E-01  0.2058E-01
  0.28025  0.178344E+04  0.153944E+04  0.4240E+07  0.443315E+01  0.9750E+02  0.1281E-01  0.2057E-01
  0.28635  0.178435E+04  0.154034E+04  0.4242E+07  0.442889E+01  0.9750E+02  0.1280E-01  0.2055E-01
  0.29248  0.178526E+04  0.154126E+04  0.4245E+07  0.442461E+01  0.9750E+02  0.1280E-01  0.2054E-01
  0.29864  0.178618E+04  0.154217E+04  0.4247E+07  0.442030E+01  0.9750E+02  0.1279E-01  0.2052E-01
  0.30483  0.178710E+04  0.154310E+04  0.4249E+07  0.441597E+01  0.9750E+02  0.1279E-01  0.2051E-01
  0.31105  0.178803E+04  0.154402E+04  0.4251E+07  0.441161E+01  0.9750E+02  0.1278E-01  0.2049E-01
  0.31731  0.178896E+04  0.154496E+04  0.4253E+07  0.440723E+01  0.9750E+02  0.1278E-01  0.2047E-01
  0.32359  0.178990E+04  0.154589E+04  0.4256E+07  0.440283E+01  0.9750E+02  0.1278E-01  0.2046E-01
  0.32991  0.179084E+04  0.154684E+04  0.4258E+07  0.439839E+01  0.9750E+02  0.1277E-01  0.2044E-01
  0.33626  0.179179E+04  0.154778E+04  0.4260E+07  0.439394E+01  0.9750E+02  0.1277E-01  0.2043E-01
  0.34264  0.179274E+04  0.154873E+04  0.4262E+07  0.438946E+01  0.9750E+02  0.1276E-01  0.2041E-01
  0.34906  0.179370E+04  0.154969E+04  0.4265E+07  0.438496E+01  0.9750E+02  0.1276E-01  0.2039E-01
  0.35550  0.179466E+04  0.155066E+04  0.4267E+07  0.438043E+01  0.9750E+02  0.1275E-01  0.2038E-01
  0.36198  0.179563E+04  0.155162E+04  0.4269E+07  0.437587E+01  0.9750E+02  0.1275E-01  0.2036E-01
  0.36849  0.179660E+04  0.155260E+04  0.4272E+07  0.437129E+01  0.9750E+02  0.1274E-01  0.2034E-01
  0.37504  0.179758E+04  0.155358E+04  0.4274E+07  0.436668E+01  0.9750E+02  0.1274E-01  0.2033E-01
  0.38162  0.179856E+04  0.155456E+04  0.4276E+07  0.436205E+01  0.9750E+02  0.1273E-01  0.2031E-01
  0.38823  0.179955E+04  0.155555E+04  0.4279E+07  0.435739E+01  0.9750E+02  0.1273E-01  0.2029E-01
  0.39487  0.180054E+04  0.155654E+04  0.4281E+07  0.435271E+01  0.9750E+02  0.1272E-01  0.2028E-01
  0.40155  0.180154E+04  0.155754E+04  0.4283E+07  0.434799E+01  0.9750E+02  0.1272E-01  0.2026E-01
  0.40827  0.180255E+04  0.155855E+04  0.4286E+07  0.434326E+01  0.9750E+02  0.1271E-01  0.2024E-01
  0.41501  0.180356E+04  0.155956E+04  0.4288E+07  0.433849E+01  0.9750E+02  0.1271E-01  0.2023E-01
  0.42179  0.180457E+04  0.156057E+04  0.4291E+07  0.433371E+01  0.9750E+02  0.1270E-01  0.2021E-01
  0.42861  0.180560E+04  0.156159E+04  0.4293E+07  0.432889E+01  0.9750E+02  0.1270E-01  0.2019E-01
  0.43546  0.180662E+04  0.156262E+04  0.4295E+07  0.432404E+01  0.9750E+02  0.1269E-01  0.2017E-01
  0.44235  0.180766E+04  0.156365E+04  0.4298E+07  0.431917E+01  0.9750E+02  0.1269E-01  0.2016E-01
  0.44927  0.180869E+04  0.156469E+04  0.4300E+07  0.431427E+01  0.9750E+02  0.1268E-01  0.2014E-01
  0.45622  0.180974E+04  0.156573E+04  0.4303E+07  0.430934E+01  0.9750E+02  0.1268E-01  0.2012E-01
  0.46322  0.181079E+04  0.156678E+04  0.4305E+07  0.430438E+01  0.9750E+02  0.1267E-01  0.2010E-01
  0.47024  0.181184E+04  0.156784E+04  0.4308E+07  0.429940E+01  0.9750E+02  0.1266E-01  0.2008E-01
  0.47731  0.181290E+04  0.156890E+04  0.4310E+07  0.429438E+01  0.9750E+02  0.1266E-01  0.2007E-01
  0.48440  0.181397E+04  0.156997E+04  0.4313E+07  0.428934E+01  0.9750E+02  0.1265E-01  0.2005E-01
  0.49154  0.181504E+04  0.157104E+04  0.4315E+07  0.428427E+01  0.9750E+02  0.1265E-01  0.2003E-01
  0.49871  0.181612E+04  0.157212E+04  0.4318E+07  0.427917E+01  0.9750E+02  0.1264E-01  0.2001E-01
  0.50592  0.181720E+04  0.157320E+04  0.4321E+07  0.427405E+01  0.9750E+02  0.1264E-01  0.1999E-01
  0.51317  0.181829E+04  0.157429E+04  0.4323E+07  0.426889E+01  0.9750E+02  0.1263E-01  0.1997E-01
  0.52045  0.181939E+04  0.157539E+04  0.4326E+07  0.426370E+01  0.9750E+02  0.1262E-01  0.1995E-01
  0.52777  0.182049E+04  0.157649E+04  0.4328E+07  0.425848E+01  0.9750E+02  0.1262E-01  0.1993E-01
  0.53513  0.182160E+04  0.157760E+04  0.4331E+07  0.425324E+01  0.9750E+02  0.1261E-01  0.1992E-01
  0.54252  0.182271E+04  0.157871E+04  0.4334E+07  0.424796E+01  0.9750E+02  0.1261E-01  0.1990E-01
  0.54996  0.182383E+04  0.157983E+04  0.4336E+07  0.424265E+01  0.9750E+02  0.1260E-01  0.1988E-01
  0.55743  0.182496E+04  0.158096E+04  0.4339E+07  0.423732E+01  0.9750E+02  0.1260E-01  0.1986E-01
  0.56494  0.182609E+04  0.158209E+04  0.4342E+07  0.423194E+01  0.9750E+02  0.1259E-01  0.1984E-01
  0.57249  0.182723E+04  0.158323E+04  0.4344E+07  0.422654E+01  0.9750E+02  0.1258E-01  0.1982E-01
  0.58008  0.182837E+04  0.158437E+04  0.4347E+07  0.422111E+01  0.9750E+02  0.1258E-01  0.1980E-01
  0.58771  0.182952E+04  0.158552E+04  0.4350E+07  0.421565E+01  0.9750E+02  0.1257E-01  0.1978E-01
  0.59537  0.183068E+04  0.158668E+04  0.4353E+07  0.421015E+01  0.9750E+02  0.1256E-01  0.1976E-01
  0.60308  0.183185E+04  0.158784E+04  0.4355E+07  0.420463E+01  0.9750E+02  0.1256E-01  0.1974E-01
  0.61083  0.183302E+04  0.158901E+04  0.4358E+07  0.419907E+01  0.9750E+02  0.1255E-01  0.1972E-01
  0.61861  0.183419E+04  0.159019E+04  0.4361E+07  0.419348E+01  0.9750E+02  0.1254E-01  0.1970E-01
  0.62644  0.183538E+04  0.159137E+04  0.4364E+07  0.418786E+01  0.9750E+02  0.1254E-01  0.1968E-01
  0.63431  0.183657E+04  0.159257E+04  0.4367E+07  0.418220E+01  0.9750E+02  0.1253E-01  0.1965E-01
  0.64221  0.183776E+04  0.159376E+04  0.4369E+07  0.417651E+01  0.9750E+02  0.1252E-01  0.1963E-01
  0.65016  0.183897E+04  0.159496E+04  0.4372E+07  0.417079E+01  0.9750E+02  0.1252E-01  0.1961E-01
  0.65815  0.184018E+04  0.159617E+04  0.4375E+07  0.416503E+01  0.9750E+02  0.1251E-01  0.1959E-01
  0.66618  0.184139E+04  0.159739E+04  0.4378E+07  0.415925E+01  0.9750E+02  0.1250E-01  0.1957E-01
  0.67426  0.184262E+04  0.159861E+04  0.4381E+07  0.415342E+01  0.9750E+02  0.1250E-01  0.1955E-01
  0.68237  0.184385E+04  0.159984E+04  0.4384E+07  0.414757E+01  0.9750E+02  0.1249E-01  0.1953E-01
  0.69053  0.184508E+04  0.160108E+04  0.4387E+07  0.414168E+01  0.9750E+02  0.1248E-01  0.1950E-01
  0.69873  0.184633E+04  0.160232E+04  0.4390E+07  0.413575E+01  0.9750E+02  0.1248E-01  0.1948E-01
  0.70697  0.184758E+04  0.160357E+04  0.4393E+07  0.412979E+01  0.9750E+02  0.1247E-01  0.1946E-01
  0.71526  0.184884E+04  0.160483E+04  0.4396E+07  0.412379E+01  0.9750E+02  0.1246E-01  0.1944E-01
  0.72359  0.185010E+04  0.160610E+04  0.4399E+07  0.411776E+01  0.9750E+02  0.1245E-01  0.1942E-01
  0.73196  0.185137E+04  0.160737E+04  0.4402E+07  0.411169E+01  0.9750E+02  0.1245E-01  0.1939E-01
  0.74037  0.185265E+04  0.160865E+04  0.4405E+07  0.410559E+01  0.9750E+02  0.1244E-01  0.1937E-01
  0.74883  0.185394E+04  0.160993E+04  0.4408E+07  0.409945E+01  0.9750E+02  0.1243E-01  0.1935E-01
  0.75734  0.185523E+04  0.161123E+04  0.4411E+07  0.409328E+01  0.9750E+02  0.1242E-01  0.1932E-01
  0.76589  0.185653E+04  0.161253E+04  0.4414E+07  0.408706E+01  0.9750E+02  0.1242E-01  0.1930E-01
  0.77448  0.185749E+04  0.161349E+04  0.4416E+07  0.408082E+01  0.9750E+02  0.1241E-01  0.1928E-01
  0.78312  0.185780E+04  0.161380E+04  0.4417E+07  0.407453E+01  0.9750E+02  0.1240E-01  0.1925E-01
  0.79180  0.185793E+04  0.161393E+04  0.4417E+07  0.406821E+01  0.9750E+02  0.1239E-01  0.1923E-01
  0.80053  0.185801E+04  0.161400E+04  0.4418E+07  0.406186E+01  0.9750E+02  0.1238E-01  0.1921E-01
  0.80931  0.185807E+04  0.161406E+04  0.4418E+07  0.405548E+01  0.9750E+02  0.1238E-01  0.1918E-01
  0.81813  0.185813E+04  0.161412E+04  0.4418E+07  0.404906E+01  0.9750E+02  0.1237E-01  0.1916E-01
  0.82699  0.185818E+04  0.161418E+04  0.4418E+07  0.404260E+01  0.9750E+02  0.1236E-01  0.1913E-01
  0.83591  0.185824E+04  0.161424E+04  0.4418E+07  0.403612E+01  0.9750E+02  0.1235E-01  0.1911E-01
  0.84487  0.185830E+04  0.161430E+04  0.4418E+07  0.402960E+01  0.9750E+02  0.1234E-01  0.1908E-01
  0.85388  0.185836E+04  0.161435E+04  0.4418E+07  0.402305E+01  0.9750E+02  0.1234E-01  0.1906E-01
  0.86293  0.185841E+04  0.161441E+04  0.4419E+07  0.401646E+01  0.9750E+02  0.1233E-01  0.1904E-01
  0.87203  0.185847E+04  0.161447E+04  0.4419E+07  0.400983E+01  0.9750E+02  0.1232E-01  0.1901E-01
  0.88118  0.185853E+04  0.161453E+04  0.4419E+07  0.400318E+01  0.9750E+02  0.1231E-01  0.1899E-01
  0.89038  0.185859E+04  0.161459E+04  0.4419E+07  0.399648E+01  0.9750E+02  0.1230E-01  0.1896E-01
  0.89963  0.185865E+04  0.161465E+04  0.4419E+07  0.398975E+01  0.9750E+02  0.1229E-01  0.1893E-01
  0.90892  0.185871E+04  0.161471E+04  0.4419E+07  0.398299E+01  0.9750E+02  0.1228E-01  0.1891E-01
  0.91826  0.185877E+04  0.161477E+04  0.4419E+07  0.397619E+01  0.9750E+02  0.1227E-01  0.1888E-01
  0.92766  0.185883E+04  0.161483E+04  0.4420E+07  0.396935E+01  0.9750E+02  0.1227E-01  0.1886E-01
  0.93710  0.185889E+04  0.161489E+04  0.4420E+07  0.396248E+01  0.9750E+02  0.1226E-01  0.1883E-01
  0.94659  0.185895E+04  0.161495E+04  0.4420E+07  0.395557E+01  0.9750E+02  0.1225E-01  0.1880E-01
  0.95613  0.185901E+04  0.161501E+04  0.4420E+07  0.394862E+01  0.9750E+02  0.1224E-01  0.1878E-01
  0.96572  0.185907E+04  0.161507E+04  0.4420E+07  0.394164E+01  0.9750E+02  0.1223E-01  0.1875E-01
  0.97536  0.185914E+04  0.161513E+04  0.4420E+07  0.393462E+01  0.9750E+02  0.1222E-01  0.1872E-01
  0.98505  0.185920E+04  0.161519E+04  0.4420E+07  0.392756E+01  0.9750E+02  0.1221E-01  0.1870E-01
  0.99480  0.185926E+04  0.161526E+04  0.4421E+07  0.392047E+01  0.9750E+02  0.1220E-01  0.1867E-01
  1.00459  0.185932E+04  0.161532E+04  0.4421E+07  0.391334E+01  0.9750E+02  0.1219E-01  0.1864E-01
  1.01444  0.185939E+04  0.161538E+04  0.4421E+07  0.390618E+01  0.9750E+02  0.1218E-01  0.1862E-01
  1.02433  0.185945E+04  0.161545E+04  0.4421E+07  0.389897E+01  0.9750E+02  0.1217E-01  0.1859E-01
  1.03428  0.185951E+04  0.161551E+04  0.4421E+07  0.389172E+01  0.9750E+02  0.1216E-01  0.1856E-01
  1.04428  0.185958E+04  0.161557E+04  0.4421E+07  0.388444E+01  0.9750E+02  0.1215E-01  0.1853E-01
  1.05434  0.185964E+04  0.161564E+04  0.4421E+07  0.387712E+01  0.9750E+02  0.1214E-01  0.1850E-01
  1.06444  0.185971E+04  0.161570E+04  0.4422E+07  0.386976E+01  0.9750E+02  0.1213E-01  0.1848E-01
  1.07460  0.185977E+04  0.161577E+04  0.4422E+07  0.386236E+01  0.9750E+02  0.1212E-01  0.1845E-01
  1.08482  0.185984E+04  0.161584E+04  0.4422E+07  0.385492E+01  0.9750E+02  0.1211E-01  0.1842E-01
  1.09508  0.185990E+04  0.161590E+04  0.4422E+07  0.384744E+01  0.9750E+02  0.1210E-01  0.1839E-01
  1.10540  0.185997E+04  0.161597E+04  0.4422E+07  0.383993E+01  0.9750E+02  0.1209E-01  0.1836E-01
  1.11578  0.186004E+04  0.161603E+04  0.4422E+07  0.383238E+01  0.9750E+02  0.1208E-01  0.1833E-01
  1.12621  0.186010E+04  0.161610E+04  0.4423E+07  0.382478E+01  0.9750E+02  0.1207E-01  0.1830E-01
  1.13669  0.186017E+04  0.161617E+04  0.4423E+07  0.381714E+01  0.9750E+02  0.1206E-01  0.1827E-01
  1.14723  0.186024E+04  0.161623E+04  0.4423E+07  0.380946E+01  0.9750E+02  0.1204E-01  0.1824E-01
  1.15782  0.186031E+04  0.161630E+04  0.4423E+07  0.380175E+01  0.9750E+02  0.1203E-01  0.1821E-01
  1.16847  0.186038E+04  0.161637E+04  0.4423E+07  0.379399E+01  0.9750E+02  0.1202E-01  0.1818E-01
  1.17918  0.186044E+04  0.161644E+04  0.4423E+07  0.378619E+01  0.9750E+02  0.1201E-01  0.1815E-01
  1.18994  0.186051E+04  0.161651E+04  0.4424E+07  0.377835E+01  0.9750E+02  0.1200E-01  0.1812E-01
  1.20076  0.186058E+04  0.161658E+04  0.4424E+07  0.377047E+01  0.9750E+02  0.1199E-01  0.1809E-01
  1.21163  0.186065E+04  0.161665E+04  0.4424E+07  0.376254E+01  0.9750E+02  0.1198E-01  0.1806E-01
  1.22256  0.186072E+04  0.161672E+04  0.4424E+07  0.375458E+01  0.9750E+02  0.1196E-01  0.1803E-01
  1.23355  0.186079E+04  0.161679E+04  0.4424E+07  0.374657E+01  0.9750E+02  0.1195E-01  0.1800E-01
  1.24460  0.186086E+04  0.161686E+04  0.4424E+07  0.373852E+01  0.9750E+02  0.1194E-01  0.1797E-01
  1.25570  0.186093E+04  0.161693E+04  0.4425E+07  0.373043E+01  0.9750E+02  0.1193E-01  0.1794E-01
  1.26687  0.186101E+04  0.161700E+04  0.4425E+07  0.372230E+01  0.9750E+02  0.1192E-01  0.1790E-01
  1.27809  0.186108E+04  0.161708E+04  0.4425E+07  0.371412E+01  0.9750E+02  0.1190E-01  0.1787E-01
  1.28937  0.186115E+04  0.161715E+04  0.4425E+07  0.370590E+01  0.9750E+02  0.1189E-01  0.1784E-01
  1.30071  0.186122E+04  0.161722E+04  0.4425E+07  0.369763E+01  0.9750E+02  0.1188E-01  0.1781E-01
  1.31211  0.186130E+04  0.161729E+04  0.4425E+07  0.368932E+01  0.9750E+02  0.1187E-01  0.1777E-01
  1.32357  0.186137E+04  0.161737E+04  0.4426E+07  0.368097E+01  0.9750E+02  0.1185E-01  0.1774E-01
  1.33509  0.186144E+04  0.161744E+04  0.4426E+07  0.367258E+01  0.9750E+02  0.1184E-01  0.1771E-01
  1.34667  0.186152E+04  0.161751E+04  0.4426E+07  0.366413E+01  0.9750E+02  0.1183E-01  0.1768E-01
  1.35831  0.186159E+04  0.161759E+04  0.4426E+07  0.365565E+01  0.9750E+02  0.1181E-01  0.1764E-01
  1.37002  0.186167E+04  0.161766E+04  0.4426E+07  0.364711E+01  0.9750E+02  0.1180E-01  0.1761E-01
  1.38178  0.186174E+04  0.161774E+04  0.4426E+07  0.363854E+01  0.9750E+02  0.1179E-01  0.1757E-01
  1.39360  0.186182E+04  0.161782E+04  0.4427E+07  0.362992E+01  0.9750E+02  0.1177E-01  0.1754E-01
  1.40549  0.186189E+04  0.161789E+04  0.4427E+07  0.362125E+01  0.9750E+02  0.1176E-01  0.1751E-01
  1.41744  0.186197E+04  0.161797E+04  0.4427E+07  0.361254E+01  0.9750E+02  0.1175E-01  0.1747E-01
  1.42946  0.186205E+04  0.161805E+04  0.4427E+07  0.360378E+01  0.9750E+02  0.1173E-01  0.1744E-01
  1.44153  0.186213E+04  0.161812E+04  0.4427E+07  0.359497E+01  0.9750E+02  0.1172E-01  0.1740E-01
  1.45367  0.186221E+04  0.161820E+04  0.4428E+07  0.358612E+01  0.9750E+02  0.1170E-01  0.1737E-01
  1.46587  0.186228E+04  0.161828E+04  0.4428E+07  0.357722E+01  0.9750E+02  0.1169E-01  0.1733E-01
  1.47814  0.186236E+04  0.161836E+04  0.4428E+07  0.356828E+01  0.9750E+02  0.1167E-01  0.1730E-01
  1.49047  0.186244E+04  0.161844E+04  0.4428E+07  0.355928E+01  0.9750E+02  0.1166E-01  0.1726E-01
  1.50287  0.186252E+04  0.161852E+04  0.4428E+07  0.355024E+01  0.9750E+02  0.1164E-01  0.1722E-01
  1.51533  0.186260E+04  0.161860E+04  0.4429E+07  0.354115E+01  0.9750E+02  0.1163E-01  0.1719E-01
  1.52786  0.186268E+04  0.161868E+04  0.4429E+07  0.353202E+01  0.9750E+02  0.1161E-01  0.1715E-01
  1.54045  0.186276E+04  0.161876E+04  0.4429E+07  0.352283E+01  0.9750E+02  0.1160E-01  0.1711E-01
  1.55311  0.186284E+04  0.161884E+04  0.4429E+07  0.351360E+01  0.9750E+02  0.1158E-01  0.1708E-01
  1.56584  0.186293E+04  0.161892E+04  0.4429E+07  0.350431E+01  0.9750E+02  0.1157E-01  0.1704E-01
  1.57863  0.186301E+04  0.161900E+04  0.4429E+07  0.349498E+01  0.9750E+02  0.1155E-01  0.1700E-01
  1.59149  0.186309E+04  0.161909E+04  0.4430E+07  0.348560E+01  0.9750E+02  0.1154E-01  0.1696E-01
  1.60442  0.186317E+04  0.161917E+04  0.4430E+07  0.347617E+01  0.9750E+02  0.1152E-01  0.1693E-01
  1.61742  0.186326E+04  0.161925E+04  0.4430E+07  0.346669E+01  0.9750E+02  0.1150E-01  0.1689E-01
  1.63048  0.186334E+04  0.161934E+04  0.4430E+07  0.345715E+01  0.9750E+02  0.1149E-01  0.1685E-01
  1.64361  0.186342E+04  0.161942E+04  0.4430E+07  0.344757E+01  0.9750E+02  0.1147E-01  0.1681E-01
  1.65682  0.186351E+04  0.161950E+04  0.4431E+07  0.343794E+01  0.9750E+02  0.1145E-01  0.1677E-01
  1.67009  0.186359E+04  0.161959E+04  0.4431E+07  0.342825E+01  0.9750E+02  0.1144E-01  0.1673E-01
  1.68343  0.186368E+04  0.161968E+04  0.4431E+07  0.341852E+01  0.9750E+02  0.1142E-01  0.1669E-01
  1.69684  0.186377E+04  0.161976E+04  0.4431E+07  0.340873E+01  0.9750E+02  0.1140E-01  0.1665E-01
  1.71032  0.186385E+04  0.161985E+04  0.4432E+07  0.339889E+01  0.9750E+02  0.1138E-01  0.1661E-01
  1.72387  0.186394E+04  0.161994E+04  0.4432E+07  0.338900E+01  0.9750E+02  0.1137E-01  0.1657E-01
  1.73750  0.186403E+04  0.162002E+04  0.4432E+07  0.337906E+01  0.9750E+02  0.1135E-01  0.1653E-01
  1.75119  0.186411E+04  0.162011E+04  0.4432E+07  0.336906E+01  0.9750E+02  0.1133E-01  0.1649E-01
  1.76496  0.186420E+04  0.162020E+04  0.4432E+07  0.335901E+01  0.9750E+02  0.1131E-01  0.1645E-01
  1.77880  0.186429E+04  0.162029E+04  0.4433E+07  0.334890E+01  0.9750E+02  0.1130E-01  0.1641E-01
  1.79271  0.186438E+04  0.162038E+04  0.4433E+07  0.333874E+01  0.9750E+02  0.1128E-01  0.1637E-01
  1.80670  0.186447E+04  0.162047E+04  0.4433E+07  0.332854E+01  0.9750E+02  0.1126E-01  0.1632E-01
  1.82076  0.186456E+04  0.162056E+04  0.4433E+07  0.331827E+01  0.9750E+02  0.1124E-01  0.1628E-01
  1.83489  0.186465E+04  0.162065E+04  0.4433E+07  0.330795E+01  0.9750E+02  0.1122E-01  0.1624E-01
  1.84910  0.186475E+04  0.162074E+04  0.4434E+07  0.329758E+01  0.9750E+02  0.1120E-01  0.1620E-01
  1.86338  0.186484E+04  0.162083E+04  0.4434E+07  0.328715E+01  0.9750E+02  0.1118E-01  0.1615E-01
  1.87774  0.186493E+04  0.162092E+04  0.4434E+07  0.327666E+01  0.9750E+02  0.1116E-01  0.1611E-01
  1.89218  0.186502E+04  0.162102E+04  0.4434E+07  0.326612E+01  0.9750E+02  0.1114E-01  0.1607E-01
  1.90669  0.186511E+04  0.162111E+04  0.4435E+07  0.325552E+01  0.9750E+02  0.1112E-01  0.1602E-01
  1.92127  0.186521E+04  0.162120E+04  0.4435E+07  0.324487E+01  0.9750E+02  0.1110E-01  0.1598E-01
  1.93593  0.186530E+04  0.162130E+04  0.4435E+07  0.323416E+01  0.9750E+02  0.1108E-01  0.1594E-01
  1.95067  0.186540E+04  0.162140E+04  0.4435E+07  0.322340E+01  0.9750E+02  0.1106E-01  0.1589E-01
  1.96549  0.186549E+04  0.162149E+04  0.4435E+07  0.321257E+01  0.9750E+02  0.1104E-01  0.1585E-01
  1.98039  0.186559E+04  0.162158E+04  0.4436E+07  0.320169E+01  0.9750E+02  0.1102E-01  0.1580E-01
  1.99536  0.186569E+04  0.162168E+04  0.4436E+07  0.319075E+01  0.9750E+02  0.1100E-01  0.1575E-01
  2.01041  0.186578E+04  0.162178E+04  0.4436E+07  0.317975E+01  0.9750E+02  0.1098E-01  0.1571E-01
  2.02555  0.186588E+04  0.162188E+04  0.4436E+07  0.316870E+01  0.9750E+02  0.1095E-01  0.1566E-01
  2.04076  0.186598E+04  0.162197E+04  0.4437E+07  0.315758E+01  0.9750E+02  0.1093E-01  0.1562E-01
  2.05605  0.186607E+04  0.162207E+04  0.4437E+07  0.314641E+01  0.9750E+02  0.1091E-01  0.1557E-01
  2.07142  0.186617E+04  0.162217E+04  0.4437E+07  0.313518E+01  0.9750E+02  0.1089E-01  0.1552E-01
  2.08687  0.186627E+04  0.162227E+04  0.4437E+07  0.312389E+01  0.9750E+02  0.1086E-01  0.1547E-01
  2.10241  0.186637E+04  0.162237E+04  0.4438E+07  0.311253E+01  0.9750E+02  0.1084E-01  0.1543E-01
  2.11802  0.186647E+04  0.162247E+04  0.4438E+07  0.310112E+01  0.9750E+02  0.1082E-01  0.1538E-01
  2.13372  0.186657E+04  0.162257E+04  0.4438E+07  0.308965E+01  0.9750E+02  0.1080E-01  0.1533E-01
  2.14950  0.186668E+04  0.162267E+04  0.4438E+07  0.307811E+01  0.9750E+02  0.1077E-01  0.1528E-01
  2.16537  0.186678E+04  0.162277E+04  0.4438E+07  0.306652E+01  0.9750E+02  0.1075E-01  0.1523E-01
  2.18132  0.186688E+04  0.162288E+04  0.4439E+07  0.305486E+01  0.9750E+02  0.1072E-01  0.1518E-01
  2.19735  0.186698E+04  0.162298E+04  0.4439E+07  0.304314E+01  0.9750E+02  0.1070E-01  0.1513E-01
  2.21347  0.186709E+04  0.162308E+04  0.4439E+07  0.303135E+01  0.9750E+02  0.1067E-01  0.1508E-01
  2.22967  0.186719E+04  0.162319E+04  0.4439E+07  0.301951E+01  0.9750E+02  0.1065E-01  0.1503E-01
  2.24595  0.186730E+04  0.162329E+04  0.4440E+07  0.300760E+01  0.9750E+02  0.1062E-01  0.1498E-01
  2.26233  0.186740E+04  0.162340E+04  0.4440E+07  0.299563E+01  0.9750E+02  0.1060E-01  0.1493E-01
  2.27878  0.186751E+04  0.162350E+04  0.4440E+07  0.298359E+01  0.9750E+02  0.1057E-01  0.1488E-01
  2.29533  0.186761E+04  0.162361E+04  0.4440E+07  0.297149E+01  0.9750E+02  0.1055E-01  0.1483E-01
  2.31196  0.186772E+04  0.162372E+04  0.4441E+07  0.295933E+01  0.9750E+02  0.1052E-01  0.1478E-01
  2.32868  0.186783E+04  0.162382E+04  0.4441E+07  0.294710E+01  0.9750E+02  0.1050E-01  0.1472E-01
  2.34549  0.186793E+04  0.162393E+04  0.4441E+07  0.293481E+01  0.9750E+02  0.1047E-01  0.1467E-01
  2.36239  0.186804E+04  0.162404E+04  0.4441E+07  0.292245E+01  0.9750E+02  0.1044E-01  0.1462E-01
  2.37938  0.186815E+04  0.162415E+04  0.4442E+07  0.291002E+01  0.9750E+02  0.1041E-01  0.1456E-01
  2.39645  0.186826E+04  0.162426E+04  0.4442E+07  0.289753E+01  0.9750E+02  0.1039E-01  0.1451E-01
  2.41362  0.186837E+04  0.162437E+04  0.4442E+07  0.288497E+01  0.9750E+02  0.1036E-01  0.1446E-01
  2.43087  0.186848E+04  0.162448E+04  0.4443E+07  0.287235E+01  0.9750E+02  0.1033E-01  0.1440E-01
  2.44822  0.186860E+04  0.162459E+04  0.4443E+07  0.285965E+01  0.9750E+02  0.1030E-01  0.1435E-01
  2.46566  0.186871E+04  0.162471E+04  0.4443E+07  0.284690E+01  0.9750E+02  0.1027E-01  0.1429E-01
  2.48319  0.186882E+04  0.162482E+04  0.4443E+07  0.283407E+01  0.9750E+02  0.1024E-01  0.1424E-01
  2.50081  0.186893E+04  0.162493E+04  0.4444E+07  0.282117E+01  0.9750E+02  0.1021E-01  0.1418E-01
  2.51853  0.186905E+04  0.162504E+04  0.4444E+07  0.280820E+01  0.9750E+02  0.1019E-01  0.1412E-01
  2.53634  0.186916E+04  0.162516E+04  0.4444E+07  0.279517E+01  0.9750E+02  0.1016E-01  0.1407E-01
  2.55424  0.186928E+04  0.162527E+04  0.4444E+07  0.278207E+01  0.9750E+02  0.1012E-01  0.1401E-01
  2.57224  0.186939E+04  0.162539E+04  0.4445E+07  0.276889E+01  0.9750E+02  0.1009E-01  0.1395E-01
  2.59033  0.186951E+04  0.162551E+04  0.4445E+07  0.275565E+01  0.9750E+02  0.1006E-01  0.1389E-01
  2.60852  0.186963E+04  0.162562E+04  0.4445E+07  0.274233E+01  0.9750E+02  0.1003E-01  0.1384E-01
  2.62680  0.186975E+04  0.162574E+04  0.4446E+07  0.272895E+01  0.9750E+02  0.1000E-01  0.1378E-01
  2.64519  0.186986E+04  0.162586E+04  0.4446E+07  0.271549E+01  0.9750E+02  0.9968E-02  0.1372E-01
  2.66366  0.186998E+04  0.162598E+04  0.4446E+07  0.270196E+01  0.9750E+02  0.9936E-02  0.1366E-01
  2.68224  0.187010E+04  0.162610E+04  0.4446E+07  0.268836E+01  0.9750E+02  0.9903E-02  0.1360E-01
  2.70091  0.187022E+04  0.162622E+04  0.4447E+07  0.267468E+01  0.9750E+02  0.9870E-02  0.1354E-01
  2.71968  0.187034E+04  0.162634E+04  0.4447E+07  0.266093E+01  0.9750E+02  0.9837E-02  0.1348E-01
  2.73855  0.187046E+04  0.162646E+04  0.4447E+07  0.264711E+01  0.9750E+02  0.9803E-02  0.1342E-01
  2.75752  0.187059E+04  0.162658E+04  0.4448E+07  0.263322E+01  0.9750E+02  0.9769E-02  0.1335E-01
  2.77660  0.187071E+04  0.162671E+04  0.4448E+07  0.261925E+01  0.9750E+02  0.9735E-02  0.1329E-01
  2.79577  0.187083E+04  0.162683E+04  0.4448E+07  0.260521E+01  0.9750E+02  0.9700E-02  0.1323E-01
  2.81504  0.187096E+04  0.162695E+04  0.4448E+07  0.259109E+01  0.9750E+02  0.9665E-02  0.1317E-01
  2.83441  0.187108E+04  0.162708E+04  0.4449E+07  0.257689E+01  0.9750E+02  0.9629E-02  0.1310E-01
  2.85389  0.187121E+04  0.162720E+04  0.4449E+07  0.256262E+01  0.9750E+02  0.9593E-02  0.1304E-01
  2.87347  0.187133E+04  0.162733E+04  0.4449E+07  0.254828E+01  0.9750E+02  0.9557E-02  0.1298E-01
  2.89315  0.187146E+04  0.162746E+04  0.4450E+07  0.253385E+01  0.9750E+02  0.9520E-02  0.1291E-01
  2.91294  0.187159E+04  0.162758E+04  0.4450E+07  0.251935E+01  0.9750E+02  0.9483E-02  0.1285E-01
  2.93283  0.187171E+04  0.162771E+04  0.4450E+07  0.250478E+01  0.9750E+02  0.9445E-02  0.1278E-01
  2.95282  0.187184E+04  0.162784E+04  0.4451E+07  0.249012E+01  0.9750E+02  0.9408E-02  0.1271E-01
  2.97293  0.187197E+04  0.162797E+04  0.4451E+07  0.247539E+01  0.9750E+02  0.9369E-02  0.1265E-01
  2.99313  0.187210E+04  0.162810E+04  0.4451E+07  0.246057E+01  0.9750E+02  0.9330E-02  0.1258E-01
  3.01345  0.187223E+04  0.162823E+04  0.4451E+07  0.244568E+01  0.9750E+02  0.9291E-02  0.1251E-01
  3.03387  0.187237E+04  0.162836E+04  0.4452E+07  0.243071E+01  0.9750E+02  0.9252E-02  0.1245E-01
  3.05440  0.187250E+04  0.162849E+04  0.4452E+07  0.241566E+01  0.9750E+02  0.9212E-02  0.1238E-01
  3.07504  0.187263E+04  0.162863E+04  0.4452E+07  0.240052E+01  0.9750E+02  0.9171E-02  0.1231E-01
  3.09579  0.187276E+04  0.162876E+04  0.4453E+07  0.238531E+01  0.9750E+02  0.9130E-02  0.1224E-01
  3.11664  0.187290E+04  0.162889E+04  0.4453E+07  0.237001E+01  0.9750E+02  0.9089E-02  0.1217E-01
  3.13761  0.187303E+04  0.162903E+04  0.4453E+07  0.235464E+01  0.9750E+02  0.9047E-02  0.1210E-01
  3.15869  0.187317E+04  0.162916E+04  0.4454E+07  0.233918E+01  0.9750E+02  0.9005E-02  0.1203E-01
  3.17988  0.187331E+04  0.162930E+04  0.4454E+07  0.232363E+01  0.9750E+02  0.8962E-02  0.1196E-01
  3.20118  0.187344E+04  0.162944E+04  0.4454E+07  0.230801E+01  0.9750E+02  0.8919E-02  0.1188E-01
  3.22259  0.187358E+04  0.162958E+04  0.4455E+07  0.229230E+01  0.9750E+02  0.8875E-02  0.1181E-01
  3.24412  0.187372E+04  0.162971E+04  0.4455E+07  0.227650E+01  0.9750E+02  0.8831E-02  0.1174E-01
  3.26576  0.187386E+04  0.162985E+04  0.4455E+07  0.226063E+01  0.9750E+02  0.8787E-02  0.1167E-01
  3.28752  0.187400E+04  0.162999E+04  0.4456E+07  0.224466E+01  0.9750E+02  0.8742E-02  0.1159E-01
  3.30939  0.187414E+04  0.163014E+04  0.4456E+07  0.222861E+01  0.9750E+02  0.8696E-02  0.1152E-01
  3.33138  0.187428E+04  0.163028E+04  0.4456E+07  0.221248E+01  0.9750E+02  0.8650E-02  0.1144E-01
  3.35348  0.187442E+04  0.163042E+04  0.4457E+07  0.219626E+01  0.9750E+02  0.8603E-02  0.1137E-01
  3.37570  0.187457E+04  0.163056E+04  0.4457E+07  0.217995E+01  0.9750E+02  0.8556E-02  0.1129E-01
  3.39803  0.187471E+04  0.163071E+04  0.4457E+07  0.216355E+01  0.9750E+02  0.8509E-02  0.1122E-01
  3.42049  0.187486E+04  0.163085E+04  0.4458E+07  0.214707E+01  0.9750E+02  0.8461E-02  0.1114E-01
  3.44306  0.187500E+04  0.163100E+04  0.4458E+07  0.213050E+01  0.9750E+02  0.8412E-02  0.1106E-01
  3.46576  0.187515E+04  0.163114E+04  0.4458E+07  0.211383E+01  0.9750E+02  0.8363E-02  0.1098E-01
  3.48857  0.187529E+04  0.163129E+04  0.4459E+07  0.209708E+01  0.9750E+02  0.8313E-02  0.1090E-01
  3.51150  0.187544E+04  0.163144E+04  0.4459E+07  0.208024E+01  0.9750E+02  0.8263E-02  0.1083E-01
  3.53456  0.187559E+04  0.163159E+04  0.4459E+07  0.206331E+01  0.9750E+02  0.8212E-02  0.1075E-01
  3.55774  0.187574E+04  0.163174E+04  0.4460E+07  0.204629E+01  0.9750E+02  0.8161E-02  0.1067E-01
  3.58104  0.187589E+04  0.163189E+04  0.4460E+07  0.202917E+01  0.9750E+02  0.8109E-02  0.1058E-01
  3.60446  0.187604E+04  0.163204E+04  0.4460E+07  0.201197E+01  0.9750E+02  0.8056E-02  0.1050E-01
  3.62801  0.187619E+04  0.163219E+04  0.4461E+07  0.199467E+01  0.9750E+02  0.8003E-02  0.1042E-01
  3.65168  0.187635E+04  0.163234E+04  0.4461E+07  0.197728E+01  0.9750E+02  0.7949E-02  0.1034E-01
  3.67548  0.187650E+04  0.163250E+04  0.4462E+07  0.195979E+01  0.9750E+02  0.7895E-02  0.1026E-01
  3.69940  0.187665E+04  0.163265E+04  0.4462E+07  0.194221E+01  0.9750E+02  0.7840E-02  0.1017E-01
  3.72345  0.187681E+04  0.163281E+04  0.4462E+07  0.192454E+01  0.9750E+02  0.7785E-02  0.1009E-01
  3.74763  0.187696E+04  0.163296E+04  0.4463E+07  0.190677E+01  0.9750E+02  0.7728E-02  0.1000E-01
  3.77194  0.187712E+04  0.163312E+04  0.4463E+07  0.188891E+01  0.9750E+02  0.7672E-02  0.9917E-02
  3.79637  0.187728E+04  0.163327E+04  0.4463E+07  0.187094E+01  0.9750E+02  0.7614E-02  0.9831E-02
  3.82093  0.187744E+04  0.163343E+04  0.4464E+07  0.185289E+01  0.9750E+02  0.7556E-02  0.9744E-02
  3.84563  0.187760E+04  0.163359E+04  0.4464E+07  0.183473E+01  0.9750E+02  0.7498E-02  0.9656E-02
  3.87045  0.187776E+04  0.163375E+04  0.4465E+07  0.181648E+01  0.9750E+02  0.7438E-02  0.9568E-02
  3.89541  0.187792E+04  0.163391E+04  0.4465E+07  0.179813E+01  0.9750E+02  0.7378E-02  0.9479E-02
  3.92050  0.187808E+04  0.163408E+04  0.4465E+07  0.177968E+01  0.9750E+02  0.7318E-02  0.9390E-02
  3.94572  0.187824E+04  0.163424E+04  0.4466E+07  0.176113E+01  0.9750E+02  0.7256E-02  0.9300E-02
  3.97108  0.187841E+04  0.163440E+04  0.4466E+07  0.174248E+01  0.9750E+02  0.7194E-02  0.9209E-02
  3.99656  0.187857E+04  0.163457E+04  0.4466E+07  0.172374E+01  0.9750E+02  0.7132E-02  0.9118E-02
  4.02219  0.187873E+04  0.163473E+04  0.4467E+07  0.170489E+01  0.9750E+02  0.7068E-02  0.9026E-02
  4.04795  0.187890E+04  0.163490E+04  0.4467E+07  0.168594E+01  0.9750E+02  0.7004E-02  0.8933E-02
  4.07385  0.187907E+04  0.163506E+04  0.4468E+07  0.166688E+01  0.9750E+02  0.6940E-02  0.8840E-02
  4.09988  0.187924E+04  0.163523E+04  0.4468E+07  0.164772E+01  0.9750E+02  0.6874E-02  0.8746E-02
  4.12605  0.187941E+04  0.163540E+04  0.4468E+07  0.162846E+01  0.9750E+02  0.6808E-02  0.8651E-02
  4.15237  0.187958E+04  0.163557E+04  0.4469E+07  0.160910E+01  0.9750E+02  0.6741E-02  0.8556E-02
  4.17882  0.187975E+04  0.163574E+04  0.4469E+07  0.158963E+01  0.9750E+02  0.6673E-02  0.8460E-02
  4.20541  0.187992E+04  0.163591E+04  0.4470E+07  0.157006E+01  0.9750E+02  0.6605E-02  0.8363E-02
  4.23214  0.188009E+04  0.163609E+04  0.4470E+07  0.155038E+01  0.9750E+02  0.6535E-02  0.8266E-02
  4.25901  0.188026E+04  0.163626E+04  0.4471E+07  0.153060E+01  0.9750E+02  0.6465E-02  0.8167E-02
  4.28603  0.188044E+04  0.163643E+04  0.4471E+07  0.151071E+01  0.9750E+02  0.6395E-02  0.8068E-02
  4.31319  0.188061E+04  0.163661E+04  0.4471E+07  0.149071E+01  0.9750E+02  0.6323E-02  0.7969E-02
  4.34049  0.188079E+04  0.163678E+04  0.4472E+07  0.147060E+01  0.9750E+02  0.6251E-02  0.7868E-02
  4.36794  0.188097E+04  0.163696E+04  0.4472E+07  0.145039E+01  0.9750E+02  0.6177E-02  0.7767E-02
  4.39554  0.188117E+04  0.163716E+04  0.4473E+07  0.143006E+01  0.9750E+02  0.6103E-02  0.7665E-02
  4.42328  0.188149E+04  0.163749E+04  0.4473E+07  0.140963E+01  0.9750E+02  0.6028E-02  0.7563E-02
  4.45117  0.188196E+04  0.163796E+04  0.4475E+07  0.138908E+01  0.9750E+02  0.5953E-02  0.7459E-02
  4.47920  0.188259E+04  0.163859E+04  0.4476E+07  0.136842E+01  0.9750E+02  0.5876E-02  0.7355E-02
  4.50739  0.188338E+04  0.163938E+04  0.4478E+07  0.134764E+01  0.9750E+02  0.5799E-02  0.7250E-02
  4.53572  0.188432E+04  0.164031E+04  0.4480E+07  0.132674E+01  0.9750E+02  0.5720E-02  0.7144E-02
  4.56421  0.188540E+04  0.164139E+04  0.4483E+07  0.130571E+01  0.9750E+02  0.5641E-02  0.7038E-02
  4.59285  0.188661E+04  0.164261E+04  0.4486E+07  0.128457E+01  0.9750E+02  0.5561E-02  0.6930E-02
  4.62164  0.188797E+04  0.164396E+04  0.4489E+07  0.126329E+01  0.9750E+02  0.5480E-02  0.6822E-02
  4.65058  0.188945E+04  0.164545E+04  0.4492E+07  0.124189E+01  0.9750E+02  0.5398E-02  0.6713E-02
  4.67968  0.189107E+04  0.164706E+04  0.4496E+07  0.122036E+01  0.9750E+02  0.5315E-02  0.6603E-02
  4.70893  0.189280E+04  0.164880E+04  0.4500E+07  0.119869E+01  0.9750E+02  0.5231E-02  0.6492E-02
  4.73834  0.189466E+04  0.165066E+04  0.4505E+07  0.117689E+01  0.9750E+02  0.5146E-02  0.6380E-02
  4.76790  0.189663E+04  0.165263E+04  0.4509E+07  0.115495E+01  0.9750E+02  0.5060E-02  0.6267E-02
  4.79763  0.189872E+04  0.165472E+04  0.4514E+07  0.113286E+01  0.9750E+02  0.4973E-02  0.6153E-02
  4.82751  0.190092E+04  0.165692E+04  0.4520E+07  0.111064E+01  0.9750E+02  0.4885E-02  0.6038E-02
  4.85755  0.190323E+04  0.165922E+04  0.4525E+07  0.108827E+01  0.9750E+02  0.4796E-02  0.5923E-02
  4.88776  0.190564E+04  0.166164E+04  0.4531E+07  0.106575E+01  0.9750E+02  0.4705E-02  0.5806E-02
  4.91812  0.190816E+04  0.166416E+04  0.4537E+07  0.104308E+01  0.9750E+02  0.4614E-02  0.5688E-02
  4.94865  0.191078E+04  0.166678E+04  0.4543E+07  0.102026E+01  0.9750E+02  0.4521E-02  0.5569E-02
  4.97935  0.191351E+04  0.166950E+04  0.4550E+07  0.997284E+00  0.9750E+02  0.4428E-02  0.5449E-02
  5.01021  0.191633E+04  0.167232E+04  0.4556E+07  0.974151E+00  0.9750E+02  0.4333E-02  0.5328E-02
  5.04124  0.191924E+04  0.167524E+04  0.4563E+07  0.950859E+00  0.9750E+02  0.4237E-02  0.5206E-02
  5.07243  0.192225E+04  0.167825E+04  0.4570E+07  0.927406E+00  0.9750E+02  0.4140E-02  0.5083E-02
  5.10379  0.192536E+04  0.168136E+04  0.4578E+07  0.903788E+00  0.9750E+02  0.4041E-02  0.4959E-02
  5.13533  0.192856E+04  0.168455E+04  0.4585E+07  0.880003E+00  0.9750E+02  0.3941E-02  0.4833E-02
  5.16703  0.193184E+04  0.168784E+04  0.4593E+07  0.856048E+00  0.9750E+02  0.3840E-02  0.4707E-02
  5.19891  0.193522E+04  0.169122E+04  0.4601E+07  0.831923E+00  0.9750E+02  0.3738E-02  0.4579E-02
  5.23096  0.193869E+04  0.169468E+04  0.4609E+07  0.807622E+00  0.9750E+02  0.3634E-02  0.4450E-02
  5.26319  0.194224E+04  0.169824E+04  0.4618E+07  0.783145E+00  0.9750E+02  0.3530E-02  0.4319E-02
  5.29559  0.194588E+04  0.170187E+04  0.4627E+07  0.758490E+00  0.9750E+02  0.3423E-02  0.4188E-02
  5.32817  0.194960E+04  0.170560E+04  0.4635E+07  0.733652E+00  0.9750E+02  0.3315E-02  0.4055E-02
  5.36093  0.195341E+04  0.170941E+04  0.4644E+07  0.708631E+00  0.9750E+02  0.3206E-02  0.3921E-02
  5.39387  0.195730E+04  0.171330E+04  0.4654E+07  0.683421E+00  0.9750E+02  0.3096E-02  0.3786E-02
  5.42699  0.196128E+04  0.171727E+04  0.4663E+07  0.658023E+00  0.9750E+02  0.2984E-02  0.3649E-02
  5.46030  0.196533E+04  0.172133E+04  0.4673E+07  0.632432E+00  0.9750E+02  0.2870E-02  0.3511E-02
  5.46428  0.194471E+04  0.170071E+04  0.4624E+07  0.607702E+00  0.9750E+02  0.2761E-02  0.3377E-02
  5.46828  0.192409E+04  0.168008E+04  0.4575E+07  0.604905E+00  0.9750E+02  0.2748E-02  0.3362E-02
  5.47232  0.190346E+04  0.165946E+04  0.4526E+07  0.602126E+00  0.9750E+02  0.2736E-02  0.3347E-02
  5.47643  0.188284E+04  0.163884E+04  0.4477E+07  0.599350E+00  0.9750E+02  0.2724E-02  0.3332E-02
  5.48061  0.186222E+04  0.161821E+04  0.4428E+07  0.596560E+00  0.9750E+02  0.2712E-02  0.3317E-02
  5.48488  0.184159E+04  0.159759E+04  0.4379E+07  0.593743E+00  0.9750E+02  0.2699E-02  0.3302E-02
  5.48927  0.182097E+04  0.157697E+04  0.4330E+07  0.590894E+00  0.9750E+02  0.2687E-02  0.3286E-02
  5.49378  0.180035E+04  0.155635E+04  0.4281E+07  0.587997E+00  0.9750E+02  0.2674E-02  0.3271E-02
  5.49842  0.177973E+04  0.153572E+04  0.4231E+07  0.585051E+00  0.9750E+02  0.2661E-02  0.3255E-02
  5.50322  0.175910E+04  0.151510E+04  0.4182E+07  0.582044E+00  0.9750E+02  0.2648E-02  0.3238E-02
  5.50818  0.173848E+04  0.149448E+04  0.4133E+07  0.578970E+00  0.9750E+02  0.2634E-02  0.3222E-02
  5.51332  0.171786E+04  0.147385E+04  0.4084E+07  0.575819E+00  0.9750E+02  0.2620E-02  0.3205E-02
  5.51865  0.169723E+04  0.145323E+04  0.4035E+07  0.572589E+00  0.9750E+02  0.2606E-02  0.3187E-02
  5.52420  0.167661E+04  0.143261E+04  0.3986E+07  0.569264E+00  0.9750E+02  0.2592E-02  0.3169E-02
  5.52998  0.165599E+04  0.141198E+04  0.3937E+07  0.565845E+00  0.9750E+02  0.2577E-02  0.3150E-02
  5.53600  0.163537E+04  0.139136E+04  0.3888E+07  0.562322E+00  0.9750E+02  0.2561E-02  0.3131E-02
  5.54229  0.161474E+04  0.137074E+04  0.3839E+07  0.558683E+00  0.9750E+02  0.2545E-02  0.3112E-02
  5.54885  0.159412E+04  0.135012E+04  0.3790E+07  0.554926E+00  0.9750E+02  0.2529E-02  0.3091E-02
  5.55573  0.157350E+04  0.132949E+04  0.3741E+07  0.551042E+00  0.9750E+02  0.2511E-02  0.3070E-02
  5.56293  0.155287E+04  0.130887E+04  0.3692E+07  0.547021E+00  0.9750E+02  0.2494E-02  0.3048E-02
  5.57047  0.153225E+04  0.128825E+04  0.3643E+07  0.542853E+00  0.9750E+02  0.2476E-02  0.3025E-02
  5.57838  0.151163E+04  0.126762E+04  0.3594E+07  0.538537E+00  0.9750E+02  0.2457E-02  0.3002E-02
  5.58668  0.149100E+04  0.124700E+04  0.3545E+07  0.534060E+00  0.9750E+02  0.2437E-02  0.2978E-02
  5.59539  0.147038E+04  0.122638E+04  0.3496E+07  0.529419E+00  0.9750E+02  0.2417E-02  0.2952E-02
  5.60453  0.144976E+04  0.120576E+04  0.3447E+07  0.524602E+00  0.9750E+02  0.2395E-02  0.2926E-02
  5.61413  0.142914E+04  0.118513E+04  0.3398E+07  0.519611E+00  0.9750E+02  0.2373E-02  0.2899E-02
  5.62420  0.140851E+04  0.116451E+04  0.3349E+07  0.514432E+00  0.9750E+02  0.2351E-02  0.2871E-02
  5.63477  0.138789E+04  0.114389E+04  0.3300E+07  0.509068E+00  0.9750E+02  0.2327E-02  0.2841E-02
  5.64585  0.136727E+04  0.112326E+04  0.3251E+07  0.503516E+00  0.9750E+02  0.2303E-02  0.2811E-02
  5.65745  0.134664E+04  0.110264E+04  0.3202E+07  0.497770E+00  0.9750E+02  0.2277E-02  0.2780E-02
  5.66959  0.132602E+04  0.108202E+04  0.3153E+07  0.491834E+00  0.9750E+02  0.2251E-02  0.2747E-02
  5.68229  0.130540E+04  0.106139E+04  0.3104E+07  0.485706E+00  0.9750E+02  0.2224E-02  0.2714E-02
  5.69555  0.128478E+04  0.104077E+04  0.3055E+07  0.479391E+00  0.9750E+02  0.2197E-02  0.2679E-02
  5.70939  0.126415E+04  0.102015E+04  0.3006E+07  0.472891E+00  0.9750E+02  0.2168E-02  0.2643E-02
  5.72381  0.124353E+04  0.999526E+03  0.2957E+07  0.466210E+00  0.9750E+02  0.2139E-02  0.2607E-02
  5.73881  0.122291E+04  0.978903E+03  0.2908E+07  0.459355E+00  0.9750E+02  0.2108E-02  0.2569E-02
  5.75442  0.120228E+04  0.958280E+03  0.2859E+07  0.452329E+00  0.9750E+02  0.2077E-02  0.2531E-02
  5.77062  0.118166E+04  0.937657E+03  0.2810E+07  0.445142E+00  0.9750E+02  0.2046E-02  0.2491E-02
  5.78743  0.116104E+04  0.917034E+03  0.2760E+07  0.437799E+00  0.9750E+02  0.2013E-02  0.2451E-02
  5.80486  0.114041E+04  0.896411E+03  0.2711E+07  0.430308E+00  0.9750E+02  0.1980E-02  0.2410E-02
  5.82291  0.111979E+04  0.877338E+03  0.2662E+07  0.422676E+00  0.9750E+02  0.1946E-02  0.2368E-02
  5.84158  0.109917E+04  0.858681E+03  0.2613E+07  0.414906E+00  0.9750E+02  0.1912E-02  0.2325E-02
  5.86089  0.107855E+04  0.840049E+03  0.2564E+07  0.407011E+00  0.9750E+02  0.1877E-02  0.2282E-02
  5.88084  0.105792E+04  0.821442E+03  0.2515E+07  0.398996E+00  0.9750E+02  0.1842E-02  0.2237E-02
  5.90144  0.103730E+04  0.802861E+03  0.2466E+07  0.390866E+00  0.9750E+02  0.1806E-02  0.2193E-02
  5.92270  0.101668E+04  0.784308E+03  0.2417E+07  0.382630E+00  0.9750E+02  0.1769E-02  0.2147E-02
  5.94464  0.996054E+03  0.765782E+03  0.2368E+07  0.374293E+00  0.9750E+02  0.1732E-02  0.2101E-02
  5.96725  0.975431E+03  0.747284E+03  0.2319E+07  0.365863E+00  0.9750E+02  0.1694E-02  0.2055E-02
  5.99056  0.954808E+03  0.728815E+03  0.2270E+07  0.357346E+00  0.9750E+02  0.1656E-02  0.2007E-02
  6.01458  0.934185E+03  0.710377E+03  0.2221E+07  0.348748E+00  0.9750E+02  0.1618E-02  0.1960E-02
  6.03932  0.913562E+03  0.691969E+03  0.2172E+07  0.340077E+00  0.9750E+02  0.1579E-02  0.1912E-02
  6.06479  0.892939E+03  0.673593E+03  0.2123E+07  0.331338E+00  0.9750E+02  0.1540E-02  0.1863E-02
  6.09102  0.872316E+03  0.655250E+03  0.2074E+07  0.322539E+00  0.9750E+02  0.1501E-02  0.1815E-02
  6.11801  0.851693E+03  0.636942E+03  0.2025E+07  0.313685E+00  0.9750E+02  0.1461E-02  0.1765E-02
  6.14578  0.831070E+03  0.618668E+03  0.1976E+07  0.304785E+00  0.9750E+02  0.1421E-02  0.1716E-02
  6.17436  0.810447E+03  0.600430E+03  0.1927E+07  0.295843E+00  0.9750E+02  0.1381E-02  0.1666E-02
  6.20375  0.789824E+03  0.582230E+03  0.1878E+07  0.286868E+00  0.9750E+02  0.1341E-02  0.1616E-02
  6.23399  0.769201E+03  0.564070E+03  0.1829E+07  0.277865E+00  0.9750E+02  0.1300E-02  0.1566E-02
  6.26510  0.748578E+03  0.545949E+03  0.1780E+07  0.268842E+00  0.9750E+02  0.1260E-02  0.1516E-02
  6.29710  0.727955E+03  0.527870E+03  0.1731E+07  0.259806E+00  0.9750E+02  0.1219E-02  0.1466E-02
  6.33001  0.707332E+03  0.510103E+03  0.1682E+07  0.250762E+00  0.9750E+02  0.1178E-02  0.1415E-02
  6.36386  0.686709E+03  0.493250E+03  0.1633E+07  0.241719E+00  0.9750E+02  0.1137E-02  0.1365E-02
  6.39870  0.666086E+03  0.476435E+03  0.1584E+07  0.232684E+00  0.9750E+02  0.1096E-02  0.1314E-02
  6.43454  0.645464E+03  0.459660E+03  0.1535E+07  0.223663E+00  0.9750E+02  0.1055E-02  0.1264E-02
  6.47097  0.625092E+03  0.443129E+03  0.1486E+07  0.214664E+00  0.9750E+02  0.1014E-02  0.1213E-02
  6.50747  0.605256E+03  0.427073E+03  0.1439E+07  0.205803E+00  0.9750E+02  0.9731E-03  0.1164E-02
  6.54404  0.585932E+03  0.411470E+03  0.1393E+07  0.197208E+00  0.9750E+02  0.9338E-03  0.1115E-02
  6.58066  0.567099E+03  0.396303E+03  0.1348E+07  0.188874E+00  0.9750E+02  0.8956E-03  0.1069E-02
  6.61735  0.548739E+03  0.381555E+03  0.1305E+07  0.180794E+00  0.9750E+02  0.8584E-03  0.1023E-02
  6.65409  0.530833E+03  0.367211E+03  0.1262E+07  0.172964E+00  0.9750E+02  0.8224E-03  0.9793E-03
  6.69089  0.513366E+03  0.353256E+03  0.1221E+07  0.165378E+00  0.9750E+02  0.7873E-03  0.9367E-03
  6.72775  0.496327E+03  0.339680E+03  0.1180E+07  0.158032E+00  0.9750E+02  0.7534E-03  0.8953E-03
  6.76466  0.479699E+03  0.326469E+03  0.1141E+07  0.150919E+00  0.9750E+02  0.7204E-03  0.8553E-03
  6.80161  0.463472E+03  0.313614E+03  0.1102E+07  0.144035E+00  0.9750E+02  0.6885E-03  0.8165E-03
  6.83862  0.447634E+03  0.301103E+03  0.1064E+07  0.137377E+00  0.9750E+02  0.6575E-03  0.7790E-03
  6.87568  0.432174E+03  0.288928E+03  0.1028E+07  0.130938E+00  0.9750E+02  0.6275E-03  0.7427E-03
  6.91278  0.417084E+03  0.277080E+03  0.9917E+06  0.124714E+00  0.9750E+02  0.5985E-03  0.7076E-03
  6.94993  0.402354E+03  0.265551E+03  0.9566E+06  0.118701E+00  0.9750E+02  0.5704E-03  0.6736E-03
  6.98712  0.387975E+03  0.254333E+03  0.9225E+06  0.112895E+00  0.9750E+02  0.5432E-03  0.6408E-03
  7.02436  0.373940E+03  0.243418E+03  0.8891E+06  0.107290E+00  0.9750E+02  0.5168E-03  0.6092E-03
  7.06163  0.360240E+03  0.232801E+03  0.8565E+06  0.101882E+00  0.9750E+02  0.4914E-03  0.5786E-03
  7.09894  0.346871E+03  0.222475E+03  0.8247E+06  0.966676E-01  0.9750E+02  0.4669E-03  0.5491E-03
  7.13629  0.333823E+03  0.212433E+03  0.7937E+06  0.916428E-01  0.9750E+02  0.4431E-03  0.5207E-03
  7.17368  0.321093E+03  0.202670E+03  0.7634E+06  0.868030E-01  0.9750E+02  0.4202E-03  0.4933E-03
  7.21110  0.308672E+03  0.193180E+03  0.7339E+06  0.821448E-01  0.9750E+02  0.3982E-03  0.4669E-03
  7.24856  0.296557E+03  0.183959E+03  0.7051E+06  0.776626E-01  0.9750E+02  0.3769E-03  0.4415E-03
  7.28604  0.284742E+03  0.175001E+03  0.6770E+06  0.733540E-01  0.9750E+02  0.3564E-03  0.4171E-03
  7.32356  0.273221E+03  0.166302E+03  0.6496E+06  0.692143E-01  0.9750E+02  0.3367E-03  0.3936E-03
  7.36111  0.261991E+03  0.157856E+03  0.6229E+06  0.652400E-01  0.9750E+02  0.3177E-03  0.3711E-03
  7.39869  0.251046E+03  0.149660E+03  0.5969E+06  0.614271E-01  0.9750E+02  0.2995E-03  0.3494E-03
  7.43629  0.240383E+03  0.141710E+03  0.5715E+06  0.577704E-01  0.9750E+02  0.2820E-03  0.3287E-03
  7.47392  0.229997E+03  0.134001E+03  0.5468E+06  0.542686E-01  0.9750E+02  0.2652E-03  0.3088E-03
  7.51158  0.219884E+03  0.126530E+03  0.5228E+06  0.509165E-01  0.9750E+02  0.2491E-03  0.2898E-03
  7.54926  0.210040E+03  0.119292E+03  0.4994E+06  0.477105E-01  0.9750E+02  0.2337E-03  0.2716E-03
  7.58696  0.200462E+03  0.112284E+03  0.4766E+06  0.446472E-01  0.9750E+02  0.2189E-03  0.2542E-03
  7.62468  0.191147E+03  0.105503E+03  0.4545E+06  0.417230E-01  0.9750E+02  0.2048E-03  0.2375E-03
  7.66243  0.182090E+03  0.989443E+02  0.4329E+06  0.389334E-01  0.9750E+02  0.1913E-03  0.2217E-03
  7.70020  0.173290E+03  0.926053E+02  0.4120E+06  0.362752E-01  0.9750E+02  0.1785E-03  0.2066E-03
  7.73798  0.164742E+03  0.864821E+02  0.3917E+06  0.337456E-01  0.9750E+02  0.1662E-03  0.1922E-03
  7.77579  0.156443E+03  0.805715E+02  0.3720E+06  0.313404E-01  0.9750E+02  0.1545E-03  0.1785E-03
  7.81361  0.148391E+03  0.748702E+02  0.3528E+06  0.290560E-01  0.9750E+02  0.1434E-03  0.1655E-03
  7.85144  0.140583E+03  0.693749E+02  0.3343E+06  0.268891E-01  0.9750E+02  0.1328E-03  0.1532E-03
  7.88930  0.133016E+03  0.640824E+02  0.3163E+06  0.248374E-01  0.9750E+02  0.1228E-03  0.1415E-03
  7.92717  0.125688E+03  0.589893E+02  0.2988E+06  0.228950E-01  0.9750E+02  0.1133E-03  0.1305E-03
  7.96505  0.118595E+03  0.540917E+02  0.2820E+06  0.210604E-01  0.9750E+02  0.1043E-03  0.1200E-03
  8.00294  0.111735E+03  0.493867E+02  0.2657E+06  0.193295E-01  0.9750E+02  0.9586E-04  0.1102E-03
  8.04085  0.105105E+03  0.448705E+02  0.2499E+06  0.176992E-01  0.9750E+02  0.8786E-04  0.1009E-03
  8.07877  0.987035E+02  0.405393E+02  0.2347E+06  0.161655E-01  0.9750E+02  0.8032E-04  0.9214E-04
  8.11670  0.925274E+02  0.363892E+02  0.2200E+06  0.147264E-01  0.9750E+02  0.7323E-04  0.8394E-04
  8.15464  0.865747E+02  0.324161E+02  0.2058E+06  0.133779E-01  0.9750E+02  0.6658E-04  0.7626E-04
  8.19259  0.808427E+02  0.286153E+02  0.1922E+06  0.121163E-01  0.9750E+02  0.6036E-04  0.6907E-04
  8.23055  0.753288E+02  0.249814E+02  0.1791E+06  0.109383E-01  0.9750E+02  0.5454E-04  0.6236E-04
  8.26852  0.700309E+02  0.215087E+02  0.1665E+06  0.984162E-02  0.9750E+02  0.4911E-04  0.5611E-04
  8.30649  0.649469E+02  0.181903E+02  0.1544E+06  0.882339E-02  0.9750E+02  0.4407E-04  0.5031E-04
  8.34448  0.600742E+02  0.150174E+02  0.1428E+06  0.787951E-02  0.9750E+02  0.3938E-04  0.4493E-04
  8.38247  0.554107E+02  0.119790E+02  0.1317E+06  0.700695E-02  0.9750E+02  0.3505E-04  0.3995E-04
