  0.00000  0.000000E+00  0.000000E+00  0.9807E+05  0.481824E+01  0.1050E+03  0.1320E-01  0.1770E-01
  0.00017  0.752790E+02  0.214131E+02  0.1471E+06  0.481824E+01  0.1050E+03  0.1320E-01  0.2440E-01
  0.00033  0.100372E+03  0.381054E+02  0.1961E+06  0.481819E+01  0.1050E+03  0.1320E-01  0.2440E-01
  0.00048  0.125465E+03  0.551601E+02  0.2452E+06  0.481815E+01  0.1050E+03  0.1320E-01  0.2440E-01
  0.00063  0.150558E+03  0.725908E+02  0.2942E+06  0.481810E+01  0.1050E+03  0.1320E-01  0.2440E-01
  0.00077  0.175651E+03  0.903559E+02  0.3432E+06  0.481805E+01  0.1050E+03  0.1320E-01  0.2440E-01
  0.00091  0.200744E+03  0.108412E+03  0.3923E+06  0.481800E+01  0.1050E+03  0.1320E-01  0.2440E-01
  0.00105  0.225837E+03  0.126723E+03  0.4413E+06  0.481795E+01  0.1050E+03  0.1319E-01  0.2440E-01
  0.00118  0.250930E+03  0.145258E+03  0.4903E+06  0.481790E+01  0.1050E+03  0.1319E-01  0.2440E-01
  0.00132  0.276023E+03  0.163992E+03  0.5394E+06  0.481784E+01  0.1050E+03  0.1320E-01  0.2440E-01
  0.00146  0.301116E+03  0.182905E+03  0.5884E+06  0.481779E+01  0.1050E+03  0.1319E-01  0.2440E-01
  0.00159  0.326209E+03  0.201980E+03  0.6374E+06  0.481773E+01  0.1050E+03  0.1319E-01  0.2440E-01
  0.00173  0.351302E+03  0.221202E+03  0.6865E+06  0.481768E+01  0.1050E+03  0.1319E-01  0.2440E-01
  0.00186  0.376395E+03  0.240558E+03  0.7355E+06  0.481761E+01  0.1050E+03  0.1319E-01  0.2440E-01
  0.00200  0.401488E+03  0.260038E+03  0.7845E+06  0.481756E+01  0.1050E+03  0.1319E-01  0.2440E-01
  0.00213  0.426581E+03  0.279633E+03  0.8336E+06  0.481749E+01  0.1050E+03  0.1319E-01  0.2440E-01
  0.00227  0.451674E+03  0.299335E+03  0.8826E+06  0.481743E+01  0.1050E+03  0.1319E-01  0.2440E-01
  0.00241  0.476767E+03  0.319137E+03  0.9316E+06  0.481737E+01  0.1050E+03  0.1319E-01  0.2440E-01
  0.00255  0.501860E+03  0.339031E+03  0.9807E+06  0.481730E+01  0.1050E+03  0.1319E-01  0.2440E-01
  0.00269  0.526953E+03  0.359014E+03  0.1030E+07  0.481723E+01  0.1050E+03  0.1319E-01  0.2440E-01
  0.00284  0.552046E+03  0.379078E+03  0.1079E+07  0.481716E+01  0.1050E+03  0.1319E-01  0.2440E-01
  0.00298  0.577139E+03  0.399221E+03  0.1128E+07  0.481709E+01  0.1050E+03  0.1319E-01  0.2440E-01
  0.00313  0.602232E+03  0.419438E+03  0.1177E+07  0.481702E+01  0.1050E+03  0.1319E-01  0.2440E-01
  0.00328  0.627325E+03  0.439725E+03  0.1226E+07  0.481694E+01  0.1050E+03  0.1319E-01  0.2440E-01
  0.00343  0.652418E+03  0.460078E+03  0.1275E+07  0.481686E+01  0.1050E+03  0.1319E-01  0.2440E-01
  0.00358  0.677511E+03  0.480495E+03  0.1324E+07  0.481678E+01  0.1050E+03  0.1319E-01  0.2440E-01
  0.00374  0.702604E+03  0.501553E+03  0.1373E+07  0.481670E+01  0.1050E+03  0.1319E-01  0.2440E-01
  0.00390  0.727697E+03  0.523479E+03  0.1422E+07  0.481662E+01  0.1050E+03  0.1319E-01  0.2440E-01
  0.00406  0.752790E+03  0.545475E+03  0.1471E+07  0.481653E+01  0.1050E+03  0.1319E-01  0.2440E-01
  0.00422  0.777883E+03  0.567535E+03  0.1520E+07  0.481644E+01  0.1050E+03  0.1319E-01  0.2440E-01
  0.00439  0.802976E+03  0.589659E+03  0.1569E+07  0.481635E+01  0.1050E+03  0.1319E-01  0.2440E-01
  0.00456  0.828069E+03  0.611842E+03  0.1618E+07  0.481626E+01  0.1050E+03  0.1319E-01  0.2440E-01
  0.00474  0.853162E+03  0.634082E+03  0.1667E+07  0.481616E+01  0.1050E+03  0.1319E-01  0.2440E-01
  0.00492  0.878255E+03  0.656377E+03  0.1716E+07  0.481606E+01  0.1050E+03  0.1319E-01  0.2440E-01
  0.00510  0.903348E+03  0.678725E+03  0.1765E+07  0.481596E+01  0.1050E+03  0.1319E-01  0.2440E-01
  0.00529  0.928440E+03  0.701125E+03  0.1814E+07  0.481586E+01  0.1050E+03  0.1319E-01  0.2439E-01
  0.00548  0.953534E+03  0.723573E+03  0.1863E+07  0.481574E+01  0.1050E+03  0.1319E-01  0.2439E-01
  0.00568  0.978627E+03  0.746068E+03  0.1912E+07  0.481563E+01  0.1050E+03  0.1319E-01  0.2439E-01
  0.00588  0.100372E+04  0.768609E+03  0.1961E+07  0.481551E+01  0.1050E+03  0.1319E-01  0.2439E-01
  0.00609  0.102881E+04  0.791194E+03  0.2010E+07  0.481539E+01  0.1050E+03  0.1319E-01  0.2439E-01
  0.00631  0.105391E+04  0.813822E+03  0.2059E+07  0.481527E+01  0.1050E+03  0.1319E-01  0.2439E-01
  0.00653  0.107900E+04  0.836491E+03  0.2108E+07  0.481514E+01  0.1050E+03  0.1319E-01  0.2439E-01
  0.00676  0.110409E+04  0.860088E+03  0.2157E+07  0.481500E+01  0.1050E+03  0.1319E-01  0.2439E-01
  0.00700  0.112918E+04  0.885181E+03  0.2206E+07  0.481486E+01  0.1050E+03  0.1319E-01  0.2439E-01
  0.00725  0.115428E+04  0.910274E+03  0.2256E+07  0.481471E+01  0.1050E+03  0.1319E-01  0.2439E-01
  0.00750  0.117937E+04  0.935367E+03  0.2305E+07  0.481456E+01  0.1050E+03  0.1319E-01  0.2439E-01
  0.00777  0.120446E+04  0.960460E+03  0.2354E+07  0.481440E+01  0.1050E+03  0.1319E-01  0.2439E-01
  0.00805  0.122956E+04  0.985553E+03  0.2403E+07  0.481423E+01  0.1050E+03  0.1319E-01  0.2439E-01
  0.00834  0.125465E+04  0.101065E+04  0.2452E+07  0.481405E+01  0.1050E+03  0.1319E-01  0.2439E-01
  0.00864  0.127974E+04  0.103574E+04  0.2501E+07  0.481387E+01  0.1050E+03  0.1319E-01  0.2439E-01
  0.00896  0.130484E+04  0.106083E+04  0.2550E+07  0.481368E+01  0.1050E+03  0.1319E-01  0.2439E-01
  0.00930  0.132993E+04  0.108592E+04  0.2599E+07  0.481347E+01  0.1050E+03  0.1319E-01  0.2439E-01
  0.00965  0.135502E+04  0.111102E+04  0.2648E+07  0.481326E+01  0.1050E+03  0.1319E-01  0.2438E-01
  0.01003  0.138011E+04  0.113611E+04  0.2697E+07  0.481303E+01  0.1050E+03  0.1319E-01  0.2438E-01
  0.01043  0.140521E+04  0.116120E+04  0.2746E+07  0.481278E+01  0.1050E+03  0.1319E-01  0.2438E-01
  0.01086  0.143030E+04  0.118630E+04  0.2795E+07  0.481252E+01  0.1050E+03  0.1319E-01  0.2438E-01
  0.01132  0.145539E+04  0.121139E+04  0.2844E+07  0.481224E+01  0.1050E+03  0.1319E-01  0.2438E-01
  0.01182  0.148049E+04  0.123648E+04  0.2893E+07  0.481193E+01  0.1050E+03  0.1319E-01  0.2438E-01
  0.01236  0.150558E+04  0.126158E+04  0.2942E+07  0.481160E+01  0.1050E+03  0.1319E-01  0.2438E-01
  0.01295  0.153067E+04  0.128667E+04  0.2991E+07  0.481124E+01  0.1050E+03  0.1319E-01  0.2438E-01
  0.01361  0.155577E+04  0.131176E+04  0.3040E+07  0.481084E+01  0.1050E+03  0.1319E-01  0.2437E-01
  0.01435  0.158086E+04  0.133685E+04  0.3089E+07  0.481040E+01  0.1050E+03  0.1319E-01  0.2437E-01
  0.01519  0.160595E+04  0.136195E+04  0.3138E+07  0.480989E+01  0.1050E+03  0.1319E-01  0.2437E-01
  0.01618  0.163104E+04  0.138704E+04  0.3187E+07  0.480932E+01  0.1050E+03  0.1319E-01  0.2437E-01
  0.01735  0.165614E+04  0.141213E+04  0.3236E+07  0.480864E+01  0.1050E+03  0.1319E-01  0.2437E-01
  0.01882  0.168123E+04  0.143723E+04  0.3285E+07  0.480784E+01  0.1050E+03  0.1319E-01  0.2436E-01
  0.02077  0.170632E+04  0.146232E+04  0.3334E+07  0.480683E+01  0.1050E+03  0.1318E-01  0.2436E-01
  0.02366  0.173142E+04  0.148741E+04  0.3383E+07  0.480548E+01  0.1050E+03  0.1318E-01  0.2435E-01
  0.02787  0.175022E+04  0.150621E+04  0.3420E+07  0.480346E+01  0.1050E+03  0.1318E-01  0.2435E-01
  0.03210  0.175597E+04  0.151197E+04  0.3431E+07  0.480052E+01  0.1050E+03  0.1318E-01  0.2433E-01
  0.03634  0.175803E+04  0.151403E+04  0.3435E+07  0.479755E+01  0.1050E+03  0.1318E-01  0.2432E-01
  0.04059  0.175905E+04  0.151504E+04  0.3437E+07  0.479457E+01  0.1050E+03  0.1317E-01  0.2431E-01
  0.04487  0.175977E+04  0.151576E+04  0.3439E+07  0.479158E+01  0.1050E+03  0.1317E-01  0.2430E-01
  0.04916  0.176040E+04  0.151640E+04  0.3440E+07  0.478858E+01  0.1050E+03  0.1317E-01  0.2429E-01
  0.05347  0.176102E+04  0.151701E+04  0.3441E+07  0.478556E+01  0.1050E+03  0.1317E-01  0.2427E-01
  0.05780  0.176163E+04  0.151762E+04  0.3442E+07  0.478253E+01  0.1050E+03  0.1316E-01  0.2426E-01
  0.06215  0.176224E+04  0.151824E+04  0.3444E+07  0.477948E+01  0.1050E+03  0.1316E-01  0.2425E-01
  0.06651  0.176286E+04  0.151885E+04  0.3445E+07  0.477642E+01  0.1050E+03  0.1316E-01  0.2424E-01
  0.07089  0.176347E+04  0.151947E+04  0.3446E+07  0.477335E+01  0.1050E+03  0.1315E-01  0.2422E-01
  0.07529  0.176409E+04  0.152009E+04  0.3447E+07  0.477026E+01  0.1050E+03  0.1315E-01  0.2421E-01
  0.07971  0.176471E+04  0.152071E+04  0.3448E+07  0.476716E+01  0.1050E+03  0.1315E-01  0.2420E-01
  0.08415  0.176534E+04  0.152134E+04  0.3450E+07  0.476405E+01  0.1050E+03  0.1315E-01  0.2419E-01
  0.08860  0.176597E+04  0.152196E+04  0.3451E+07  0.476092E+01  0.1050E+03  0.1314E-01  0.2417E-01
  0.09307  0.176660E+04  0.152260E+04  0.3452E+07  0.475778E+01  0.1050E+03  0.1314E-01  0.2416E-01
  0.09756  0.176723E+04  0.152323E+04  0.3453E+07  0.475462E+01  0.1050E+03  0.1314E-01  0.2415E-01
  0.10207  0.176787E+04  0.152386E+04  0.3455E+07  0.475145E+01  0.1050E+03  0.1313E-01  0.2414E-01
  0.10660  0.176851E+04  0.152450E+04  0.3456E+07  0.474827E+01  0.1050E+03  0.1313E-01  0.2412E-01
  0.11114  0.176915E+04  0.152514E+04  0.3457E+07  0.474507E+01  0.1050E+03  0.1313E-01  0.2411E-01
  0.11571  0.176979E+04  0.152579E+04  0.3458E+07  0.474186E+01  0.1050E+03  0.1312E-01  0.2410E-01
  0.12029  0.177044E+04  0.152644E+04  0.3460E+07  0.473863E+01  0.1050E+03  0.1312E-01  0.2409E-01
  0.12489  0.177109E+04  0.152709E+04  0.3461E+07  0.473539E+01  0.1050E+03  0.1312E-01  0.2407E-01
  0.12951  0.177174E+04  0.152774E+04  0.3462E+07  0.473213E+01  0.1050E+03  0.1311E-01  0.2406E-01
  0.13415  0.177240E+04  0.152839E+04  0.3463E+07  0.472887E+01  0.1050E+03  0.1311E-01  0.2405E-01
  0.13881  0.177305E+04  0.152905E+04  0.3465E+07  0.472558E+01  0.1050E+03  0.1311E-01  0.2403E-01
  0.14349  0.177371E+04  0.152971E+04  0.3466E+07  0.472228E+01  0.1050E+03  0.1311E-01  0.2402E-01
  0.14819  0.177438E+04  0.153037E+04  0.3467E+07  0.471896E+01  0.1050E+03  0.1310E-01  0.2401E-01
  0.15291  0.177504E+04  0.153104E+04  0.3469E+07  0.471563E+01  0.1050E+03  0.1310E-01  0.2399E-01
  0.15764  0.177571E+04  0.153171E+04  0.3470E+07  0.471229E+01  0.1050E+03  0.1310E-01  0.2398E-01
  0.16240  0.177639E+04  0.153238E+04  0.3471E+07  0.470893E+01  0.1050E+03  0.1309E-01  0.2397E-01
  0.16717  0.177706E+04  0.153306E+04  0.3472E+07  0.470556E+01  0.1050E+03  0.1309E-01  0.2395E-01
  0.17197  0.177774E+04  0.153374E+04  0.3474E+07  0.470216E+01  0.1050E+03  0.1309E-01  0.2394E-01
  0.17678  0.177842E+04  0.153442E+04  0.3475E+07  0.469876E+01  0.1050E+03  0.1308E-01  0.2392E-01
  0.18162  0.177911E+04  0.153510E+04  0.3476E+07  0.469534E+01  0.1050E+03  0.1308E-01  0.2391E-01
  0.18647  0.177979E+04  0.153579E+04  0.3478E+07  0.469190E+01  0.1050E+03  0.1308E-01  0.2390E-01
  0.19135  0.178048E+04  0.153648E+04  0.3479E+07  0.468845E+01  0.1050E+03  0.1307E-01  0.2388E-01
  0.19624  0.178118E+04  0.153717E+04  0.3481E+07  0.468498E+01  0.1050E+03  0.1307E-01  0.2387E-01
  0.20116  0.178187E+04  0.153787E+04  0.3482E+07  0.468150E+01  0.1050E+03  0.1307E-01  0.2385E-01
  0.20610  0.178257E+04  0.153857E+04  0.3483E+07  0.467800E+01  0.1050E+03  0.1306E-01  0.2384E-01
  0.21105  0.178328E+04  0.153927E+04  0.3485E+07  0.467449E+01  0.1050E+03  0.1306E-01  0.2383E-01
  0.21603  0.178398E+04  0.153998E+04  0.3486E+07  0.467096E+01  0.1050E+03  0.1306E-01  0.2381E-01
  0.22102  0.178469E+04  0.154069E+04  0.3487E+07  0.466741E+01  0.1050E+03  0.1305E-01  0.2380E-01
  0.22604  0.178540E+04  0.154140E+04  0.3489E+07  0.466385E+01  0.1050E+03  0.1305E-01  0.2378E-01
  0.23108  0.178612E+04  0.154211E+04  0.3490E+07  0.466027E+01  0.1050E+03  0.1304E-01  0.2377E-01
  0.23614  0.178683E+04  0.154283E+04  0.3492E+07  0.465667E+01  0.1050E+03  0.1304E-01  0.2375E-01
  0.24122  0.178755E+04  0.154355E+04  0.3493E+07  0.465306E+01  0.1050E+03  0.1304E-01  0.2374E-01
  0.24632  0.178828E+04  0.154427E+04  0.3494E+07  0.464943E+01  0.1050E+03  0.1303E-01  0.2372E-01
  0.25145  0.178901E+04  0.154500E+04  0.3496E+07  0.464579E+01  0.1050E+03  0.1303E-01  0.2371E-01
  0.25659  0.178974E+04  0.154573E+04  0.3497E+07  0.464213E+01  0.1050E+03  0.1303E-01  0.2369E-01
  0.26176  0.179047E+04  0.154647E+04  0.3499E+07  0.463845E+01  0.1050E+03  0.1302E-01  0.2368E-01
  0.26694  0.179121E+04  0.154720E+04  0.3500E+07  0.463476E+01  0.1050E+03  0.1302E-01  0.2366E-01
  0.27215  0.179195E+04  0.154794E+04  0.3502E+07  0.463104E+01  0.1050E+03  0.1302E-01  0.2365E-01
  0.27738  0.179269E+04  0.154869E+04  0.3503E+07  0.462732E+01  0.1050E+03  0.1301E-01  0.2363E-01
  0.28263  0.179344E+04  0.154943E+04  0.3504E+07  0.462357E+01  0.1050E+03  0.1301E-01  0.2362E-01
  0.28791  0.179419E+04  0.155018E+04  0.3506E+07  0.461981E+01  0.1050E+03  0.1300E-01  0.2360E-01
  0.29320  0.179494E+04  0.155094E+04  0.3507E+07  0.461603E+01  0.1050E+03  0.1300E-01  0.2359E-01
  0.29852  0.179569E+04  0.155169E+04  0.3509E+07  0.461223E+01  0.1050E+03  0.1300E-01  0.2357E-01
  0.30386  0.179646E+04  0.155245E+04  0.3510E+07  0.460842E+01  0.1050E+03  0.1299E-01  0.2356E-01
  0.30922  0.179722E+04  0.155322E+04  0.3512E+07  0.460459E+01  0.1050E+03  0.1299E-01  0.2354E-01
  0.31461  0.179799E+04  0.155398E+04  0.3513E+07  0.460074E+01  0.1050E+03  0.1298E-01  0.2353E-01
  0.32001  0.179876E+04  0.155475E+04  0.3515E+07  0.459687E+01  0.1050E+03  0.1298E-01  0.2351E-01
  0.32544  0.179953E+04  0.155553E+04  0.3516E+07  0.459298E+01  0.1050E+03  0.1298E-01  0.2349E-01
  0.33090  0.180031E+04  0.155630E+04  0.3518E+07  0.458908E+01  0.1050E+03  0.1297E-01  0.2348E-01
  0.33637  0.180109E+04  0.155708E+04  0.3519E+07  0.458516E+01  0.1050E+03  0.1297E-01  0.2346E-01
  0.34187  0.180187E+04  0.155787E+04  0.3521E+07  0.458122E+01  0.1050E+03  0.1296E-01  0.2345E-01
  0.34739  0.180266E+04  0.155865E+04  0.3522E+07  0.457726E+01  0.1050E+03  0.1296E-01  0.2343E-01
  0.35293  0.180345E+04  0.155944E+04  0.3524E+07  0.457329E+01  0.1050E+03  0.1296E-01  0.2341E-01
  0.35850  0.180424E+04  0.156024E+04  0.3526E+07  0.456929E+01  0.1050E+03  0.1295E-01  0.2340E-01
  0.36409  0.180504E+04  0.156104E+04  0.3527E+07  0.456528E+01  0.1050E+03  0.1295E-01  0.2338E-01
  0.36971  0.180584E+04  0.156184E+04  0.3529E+07  0.456125E+01  0.1050E+03  0.1294E-01  0.2336E-01
  0.37534  0.180664E+04  0.156264E+04  0.3530E+07  0.455720E+01  0.1050E+03  0.1294E-01  0.2335E-01
  0.38100  0.180745E+04  0.156345E+04  0.3532E+07  0.455313E+01  0.1050E+03  0.1293E-01  0.2333E-01
  0.38669  0.180826E+04  0.156426E+04  0.3533E+07  0.454905E+01  0.1050E+03  0.1293E-01  0.2331E-01
  0.39240  0.180908E+04  0.156508E+04  0.3535E+07  0.454494E+01  0.1050E+03  0.1293E-01  0.2330E-01
  0.39813  0.180990E+04  0.156589E+04  0.3537E+07  0.454081E+01  0.1050E+03  0.1292E-01  0.2328E-01
  0.40389  0.181072E+04  0.156672E+04  0.3538E+07  0.453667E+01  0.1050E+03  0.1292E-01  0.2326E-01
  0.40967  0.181155E+04  0.156754E+04  0.3540E+07  0.453250E+01  0.1050E+03  0.1291E-01  0.2325E-01
  0.41547  0.181238E+04  0.156837E+04  0.3541E+07  0.452832E+01  0.1050E+03  0.1291E-01  0.2323E-01
  0.42130  0.181321E+04  0.156921E+04  0.3543E+07  0.452411E+01  0.1050E+03  0.1290E-01  0.2321E-01
  0.42716  0.181405E+04  0.157004E+04  0.3545E+07  0.451989E+01  0.1050E+03  0.1290E-01  0.2319E-01
  0.43304  0.181489E+04  0.157088E+04  0.3546E+07  0.451565E+01  0.1050E+03  0.1289E-01  0.2318E-01
  0.43894  0.181573E+04  0.157173E+04  0.3548E+07  0.451139E+01  0.1050E+03  0.1289E-01  0.2316E-01
  0.44487  0.181658E+04  0.157258E+04  0.3550E+07  0.450711E+01  0.1050E+03  0.1289E-01  0.2314E-01
  0.45082  0.181744E+04  0.157343E+04  0.3551E+07  0.450281E+01  0.1050E+03  0.1288E-01  0.2312E-01
  0.45680  0.181829E+04  0.157429E+04  0.3553E+07  0.449848E+01  0.1050E+03  0.1288E-01  0.2311E-01
  0.46281  0.181915E+04  0.157515E+04  0.3555E+07  0.449414E+01  0.1050E+03  0.1287E-01  0.2309E-01
  0.46884  0.182002E+04  0.157601E+04  0.3556E+07  0.448978E+01  0.1050E+03  0.1287E-01  0.2307E-01
  0.47489  0.182089E+04  0.157688E+04  0.3558E+07  0.448539E+01  0.1050E+03  0.1286E-01  0.2305E-01
  0.48097  0.182176E+04  0.157775E+04  0.3560E+07  0.448099E+01  0.1050E+03  0.1286E-01  0.2303E-01
  0.48708  0.182263E+04  0.157863E+04  0.3562E+07  0.447656E+01  0.1050E+03  0.1285E-01  0.2301E-01
  0.49321  0.182351E+04  0.157951E+04  0.3563E+07  0.447212E+01  0.1050E+03  0.1285E-01  0.2300E-01
  0.49937  0.182439E+04  0.158039E+04  0.3565E+07  0.446765E+01  0.1050E+03  0.1284E-01  0.2298E-01
  0.50555  0.182528E+04  0.158128E+04  0.3567E+07  0.446316E+01  0.1050E+03  0.1284E-01  0.2296E-01
  0.51176  0.182617E+04  0.158217E+04  0.3568E+07  0.445866E+01  0.1050E+03  0.1283E-01  0.2294E-01
  0.51800  0.182707E+04  0.158307E+04  0.3570E+07  0.445413E+01  0.1050E+03  0.1283E-01  0.2292E-01
  0.52426  0.182797E+04  0.158397E+04  0.3572E+07  0.444957E+01  0.1050E+03  0.1282E-01  0.2290E-01
  0.53055  0.182887E+04  0.158487E+04  0.3574E+07  0.444500E+01  0.1050E+03  0.1282E-01  0.2288E-01
  0.53687  0.182978E+04  0.158578E+04  0.3576E+07  0.444040E+01  0.1050E+03  0.1281E-01  0.2286E-01
  0.54321  0.183069E+04  0.158669E+04  0.3577E+07  0.443579E+01  0.1050E+03  0.1281E-01  0.2285E-01
  0.54958  0.183161E+04  0.158761E+04  0.3579E+07  0.443115E+01  0.1050E+03  0.1280E-01  0.2283E-01
  0.55598  0.183253E+04  0.158853E+04  0.3581E+07  0.442649E+01  0.1050E+03  0.1280E-01  0.2281E-01
  0.56240  0.183345E+04  0.158945E+04  0.3583E+07  0.442181E+01  0.1050E+03  0.1279E-01  0.2279E-01
  0.56885  0.183438E+04  0.159038E+04  0.3584E+07  0.441710E+01  0.1050E+03  0.1279E-01  0.2277E-01
  0.57533  0.183532E+04  0.159131E+04  0.3586E+07  0.441237E+01  0.1050E+03  0.1278E-01  0.2275E-01
  0.58184  0.183625E+04  0.159225E+04  0.3588E+07  0.440762E+01  0.1050E+03  0.1277E-01  0.2273E-01
  0.58837  0.183719E+04  0.159319E+04  0.3590E+07  0.440285E+01  0.1050E+03  0.1277E-01  0.2271E-01
  0.59493  0.183814E+04  0.159413E+04  0.3592E+07  0.439805E+01  0.1050E+03  0.1276E-01  0.2269E-01
  0.60152  0.183909E+04  0.159508E+04  0.3594E+07  0.439323E+01  0.1050E+03  0.1276E-01  0.2267E-01
  0.60814  0.184004E+04  0.159604E+04  0.3596E+07  0.438839E+01  0.1050E+03  0.1275E-01  0.2265E-01
  0.61479  0.184100E+04  0.159700E+04  0.3597E+07  0.438353E+01  0.1050E+03  0.1275E-01  0.2263E-01
  0.62146  0.184197E+04  0.159796E+04  0.3599E+07  0.437864E+01  0.1050E+03  0.1274E-01  0.2261E-01
  0.62817  0.184293E+04  0.159893E+04  0.3601E+07  0.437373E+01  0.1050E+03  0.1274E-01  0.2259E-01
  0.63490  0.184390E+04  0.159990E+04  0.3603E+07  0.436879E+01  0.1050E+03  0.1273E-01  0.2257E-01
  0.64166  0.184488E+04  0.160088E+04  0.3605E+07  0.436383E+01  0.1050E+03  0.1272E-01  0.2254E-01
  0.64845  0.184586E+04  0.160186E+04  0.3607E+07  0.435885E+01  0.1050E+03  0.1272E-01  0.2252E-01
  0.65527  0.184685E+04  0.160284E+04  0.3609E+07  0.435384E+01  0.1050E+03  0.1271E-01  0.2250E-01
  0.66212  0.184783E+04  0.160383E+04  0.3611E+07  0.434881E+01  0.1050E+03  0.1271E-01  0.2248E-01
  0.66900  0.184883E+04  0.160483E+04  0.3613E+07  0.434376E+01  0.1050E+03  0.1270E-01  0.2246E-01
  0.67590  0.184983E+04  0.160582E+04  0.3615E+07  0.433868E+01  0.1050E+03  0.1269E-01  0.2244E-01
  0.68284  0.185083E+04  0.160683E+04  0.3617E+07  0.433357E+01  0.1050E+03  0.1269E-01  0.2242E-01
  0.68981  0.185184E+04  0.160784E+04  0.3619E+07  0.432844E+01  0.1050E+03  0.1268E-01  0.2240E-01
  0.69680  0.185285E+04  0.160885E+04  0.3621E+07  0.432329E+01  0.1050E+03  0.1268E-01  0.2237E-01
  0.70383  0.185387E+04  0.160987E+04  0.3623E+07  0.431811E+01  0.1050E+03  0.1267E-01  0.2235E-01
  0.71089  0.185489E+04  0.161089E+04  0.3625E+07  0.431291E+01  0.1050E+03  0.1266E-01  0.2233E-01
  0.71797  0.185592E+04  0.161191E+04  0.3627E+07  0.430768E+01  0.1050E+03  0.1266E-01  0.2231E-01
  0.72509  0.185695E+04  0.161295E+04  0.3629E+07  0.430243E+01  0.1050E+03  0.1265E-01  0.2229E-01
  0.73224  0.185799E+04  0.161398E+04  0.3631E+07  0.429715E+01  0.1050E+03  0.1264E-01  0.2226E-01
  0.73942  0.185903E+04  0.161502E+04  0.3633E+07  0.429184E+01  0.1050E+03  0.1264E-01  0.2224E-01
  0.74663  0.186007E+04  0.161607E+04  0.3635E+07  0.428650E+01  0.1050E+03  0.1263E-01  0.2222E-01
  0.75387  0.186112E+04  0.161712E+04  0.3637E+07  0.428115E+01  0.1050E+03  0.1263E-01  0.2220E-01
  0.76114  0.186218E+04  0.161817E+04  0.3639E+07  0.427576E+01  0.1050E+03  0.1262E-01  0.2217E-01
  0.76845  0.186324E+04  0.161923E+04  0.3641E+07  0.427035E+01  0.1050E+03  0.1261E-01  0.2215E-01
  0.77578  0.186430E+04  0.162030E+04  0.3643E+07  0.426492E+01  0.1050E+03  0.1261E-01  0.2213E-01
  0.78315  0.186537E+04  0.162137E+04  0.3645E+07  0.425945E+01  0.1050E+03  0.1260E-01  0.2210E-01
  0.79055  0.186645E+04  0.162245E+04  0.3647E+07  0.425396E+01  0.1050E+03  0.1259E-01  0.2208E-01
  0.79798  0.186753E+04  0.162353E+04  0.3649E+07  0.424845E+01  0.1050E+03  0.1259E-01  0.2206E-01
  0.80544  0.186862E+04  0.162461E+04  0.3651E+07  0.424291E+01  0.1050E+03  0.1258E-01  0.2203E-01
  0.81294  0.186951E+04  0.162551E+04  0.3653E+07  0.423733E+01  0.1050E+03  0.1257E-01  0.2201E-01
  0.82047  0.186980E+04  0.162580E+04  0.3654E+07  0.423174E+01  0.1050E+03  0.1256E-01  0.2199E-01
  0.82803  0.186992E+04  0.162591E+04  0.3654E+07  0.422611E+01  0.1050E+03  0.1256E-01  0.2196E-01
  0.83562  0.186998E+04  0.162598E+04  0.3654E+07  0.422046E+01  0.1050E+03  0.1255E-01  0.2194E-01
  0.84325  0.187003E+04  0.162603E+04  0.3654E+07  0.421480E+01  0.1050E+03  0.1254E-01  0.2191E-01
  0.85091  0.187008E+04  0.162608E+04  0.3654E+07  0.420910E+01  0.1050E+03  0.1254E-01  0.2189E-01
  0.85860  0.187013E+04  0.162613E+04  0.3654E+07  0.420338E+01  0.1050E+03  0.1253E-01  0.2187E-01
  0.86633  0.187018E+04  0.162618E+04  0.3654E+07  0.419763E+01  0.1050E+03  0.1252E-01  0.2184E-01
  0.87409  0.187023E+04  0.162622E+04  0.3655E+07  0.419186E+01  0.1050E+03  0.1251E-01  0.2182E-01
  0.88188  0.187027E+04  0.162627E+04  0.3655E+07  0.418606E+01  0.1050E+03  0.1251E-01  0.2179E-01
  0.88971  0.187032E+04  0.162632E+04  0.3655E+07  0.418024E+01  0.1050E+03  0.1250E-01  0.2177E-01
  0.89757  0.187037E+04  0.162637E+04  0.3655E+07  0.417439E+01  0.1050E+03  0.1249E-01  0.2174E-01
  0.90547  0.187042E+04  0.162641E+04  0.3655E+07  0.416852E+01  0.1050E+03  0.1248E-01  0.2172E-01
  0.91340  0.187047E+04  0.162646E+04  0.3655E+07  0.416262E+01  0.1050E+03  0.1248E-01  0.2169E-01
  0.92136  0.187052E+04  0.162651E+04  0.3655E+07  0.415670E+01  0.1050E+03  0.1247E-01  0.2167E-01
  0.92936  0.187056E+04  0.162656E+04  0.3655E+07  0.415075E+01  0.1050E+03  0.1246E-01  0.2164E-01
  0.93739  0.187061E+04  0.162661E+04  0.3655E+07  0.414477E+01  0.1050E+03  0.1245E-01  0.2162E-01
  0.94546  0.187066E+04  0.162666E+04  0.3655E+07  0.413877E+01  0.1050E+03  0.1245E-01  0.2159E-01
  0.95357  0.187071E+04  0.162671E+04  0.3655E+07  0.413274E+01  0.1050E+03  0.1244E-01  0.2156E-01
  0.96171  0.187076E+04  0.162676E+04  0.3656E+07  0.412668E+01  0.1050E+03  0.1243E-01  0.2154E-01
  0.96988  0.187081E+04  0.162681E+04  0.3656E+07  0.412060E+01  0.1050E+03  0.1242E-01  0.2151E-01
  0.97809  0.187086E+04  0.162686E+04  0.3656E+07  0.411450E+01  0.1050E+03  0.1241E-01  0.2149E-01
  0.98634  0.187091E+04  0.162691E+04  0.3656E+07  0.410836E+01  0.1050E+03  0.1241E-01  0.2146E-01
  0.99462  0.187096E+04  0.162696E+04  0.3656E+07  0.410220E+01  0.1050E+03  0.1240E-01  0.2143E-01
  1.00293  0.187101E+04  0.162701E+04  0.3656E+07  0.409601E+01  0.1050E+03  0.1239E-01  0.2141E-01
  1.01129  0.187107E+04  0.162706E+04  0.3656E+07  0.408980E+01  0.1050E+03  0.1238E-01  0.2138E-01
  1.01968  0.187112E+04  0.162711E+04  0.3656E+07  0.408355E+01  0.1050E+03  0.1237E-01  0.2135E-01
  1.02810  0.187117E+04  0.162717E+04  0.3656E+07  0.407728E+01  0.1050E+03  0.1236E-01  0.2132E-01
  1.03657  0.187122E+04  0.162722E+04  0.3656E+07  0.407098E+01  0.1050E+03  0.1236E-01  0.2130E-01
  1.04507  0.187127E+04  0.162727E+04  0.3657E+07  0.406466E+01  0.1050E+03  0.1235E-01  0.2127E-01
  1.05360  0.187133E+04  0.162732E+04  0.3657E+07  0.405830E+01  0.1050E+03  0.1234E-01  0.2124E-01
  1.06217  0.187138E+04  0.162738E+04  0.3657E+07  0.405192E+01  0.1050E+03  0.1233E-01  0.2122E-01
  1.07079  0.187143E+04  0.162743E+04  0.3657E+07  0.404552E+01  0.1050E+03  0.1232E-01  0.2119E-01
  1.07943  0.187149E+04  0.162748E+04  0.3657E+07  0.403908E+01  0.1050E+03  0.1231E-01  0.2116E-01
  1.08812  0.187154E+04  0.162754E+04  0.3657E+07  0.403262E+01  0.1050E+03  0.1230E-01  0.2113E-01
  1.09684  0.187159E+04  0.162759E+04  0.3657E+07  0.402613E+01  0.1050E+03  0.1229E-01  0.2110E-01
  1.10560  0.187165E+04  0.162764E+04  0.3657E+07  0.401961E+01  0.1050E+03  0.1229E-01  0.2107E-01
  1.11440  0.187170E+04  0.162770E+04  0.3657E+07  0.401305E+01  0.1050E+03  0.1228E-01  0.2105E-01
  1.12324  0.187175E+04  0.162775E+04  0.3658E+07  0.400648E+01  0.1050E+03  0.1227E-01  0.2102E-01
  1.13212  0.187181E+04  0.162780E+04  0.3658E+07  0.399987E+01  0.1050E+03  0.1226E-01  0.2099E-01
  1.14103  0.187186E+04  0.162786E+04  0.3658E+07  0.399324E+01  0.1050E+03  0.1225E-01  0.2096E-01
  1.14998  0.187192E+04  0.162791E+04  0.3658E+07  0.398657E+01  0.1050E+03  0.1224E-01  0.2093E-01
  1.15898  0.187197E+04  0.162797E+04  0.3658E+07  0.397987E+01  0.1050E+03  0.1223E-01  0.2090E-01
  1.16801  0.187203E+04  0.162802E+04  0.3658E+07  0.397315E+01  0.1050E+03  0.1222E-01  0.2087E-01
  1.17708  0.187208E+04  0.162808E+04  0.3658E+07  0.396640E+01  0.1050E+03  0.1221E-01  0.2084E-01
  1.18619  0.187214E+04  0.162813E+04  0.3658E+07  0.395962E+01  0.1050E+03  0.1220E-01  0.2081E-01
  1.19534  0.187220E+04  0.162819E+04  0.3658E+07  0.395280E+01  0.1050E+03  0.1219E-01  0.2078E-01
  1.20453  0.187225E+04  0.162825E+04  0.3658E+07  0.394596E+01  0.1050E+03  0.1218E-01  0.2075E-01
  1.21376  0.187231E+04  0.162831E+04  0.3659E+07  0.393909E+01  0.1050E+03  0.1217E-01  0.2072E-01
  1.22303  0.187236E+04  0.162836E+04  0.3659E+07  0.393219E+01  0.1050E+03  0.1216E-01  0.2069E-01
  1.23233  0.187242E+04  0.162842E+04  0.3659E+07  0.392526E+01  0.1050E+03  0.1215E-01  0.2066E-01
  1.24168  0.187248E+04  0.162848E+04  0.3659E+07  0.391829E+01  0.1050E+03  0.1214E-01  0.2063E-01
  1.25108  0.187254E+04  0.162853E+04  0.3659E+07  0.391130E+01  0.1050E+03  0.1213E-01  0.2060E-01
  1.26051  0.187259E+04  0.162859E+04  0.3659E+07  0.390428E+01  0.1050E+03  0.1212E-01  0.2057E-01
  1.26998  0.187265E+04  0.162865E+04  0.3659E+07  0.389723E+01  0.1050E+03  0.1211E-01  0.2054E-01
  1.27949  0.187271E+04  0.162871E+04  0.3659E+07  0.389014E+01  0.1050E+03  0.1210E-01  0.2051E-01
  1.28905  0.187277E+04  0.162877E+04  0.3660E+07  0.388303E+01  0.1050E+03  0.1209E-01  0.2048E-01
  1.29864  0.187283E+04  0.162883E+04  0.3660E+07  0.387588E+01  0.1050E+03  0.1208E-01  0.2045E-01
  1.30828  0.187289E+04  0.162888E+04  0.3660E+07  0.386870E+01  0.1050E+03  0.1207E-01  0.2041E-01
  1.31796  0.187295E+04  0.162894E+04  0.3660E+07  0.386149E+01  0.1050E+03  0.1206E-01  0.2038E-01
  1.32769  0.187301E+04  0.162900E+04  0.3660E+07  0.385425E+01  0.1050E+03  0.1205E-01  0.2035E-01
  1.33745  0.187307E+04  0.162906E+04  0.3660E+07  0.384698E+01  0.1050E+03  0.1204E-01  0.2032E-01
  1.34726  0.187313E+04  0.162912E+04  0.3660E+07  0.383967E+01  0.1050E+03  0.1202E-01  0.2029E-01
  1.35711  0.187319E+04  0.162918E+04  0.3660E+07  0.383233E+01  0.1050E+03  0.1201E-01  0.2025E-01
  1.36700  0.187325E+04  0.162924E+04  0.3660E+07  0.382496E+01  0.1050E+03  0.1200E-01  0.2022E-01
  1.37693  0.187331E+04  0.162931E+04  0.3661E+07  0.381756E+01  0.1050E+03  0.1199E-01  0.2019E-01
  1.38691  0.187337E+04  0.162937E+04  0.3661E+07  0.381013E+01  0.1050E+03  0.1198E-01  0.2015E-01
  1.39694  0.187343E+04  0.162943E+04  0.3661E+07  0.380266E+01  0.1050E+03  0.1197E-01  0.2012E-01
  1.40700  0.187349E+04  0.162949E+04  0.3661E+07  0.379516E+01  0.1050E+03  0.1196E-01  0.2009E-01
  1.41711  0.187356E+04  0.162955E+04  0.3661E+07  0.378763E+01  0.1050E+03  0.1194E-01  0.2005E-01
  1.42726  0.187362E+04  0.162961E+04  0.3661E+07  0.378007E+01  0.1050E+03  0.1193E-01  0.2002E-01
  1.43746  0.187368E+04  0.162968E+04  0.3661E+07  0.377246E+01  0.1050E+03  0.1192E-01  0.1999E-01
  1.44770  0.187374E+04  0.162974E+04  0.3661E+07  0.376483E+01  0.1050E+03  0.1191E-01  0.1995E-01
  1.45799  0.187381E+04  0.162980E+04  0.3662E+07  0.375717E+01  0.1050E+03  0.1190E-01  0.1992E-01
  1.46832  0.187387E+04  0.162987E+04  0.3662E+07  0.374947E+01  0.1050E+03  0.1188E-01  0.1988E-01
  1.47870  0.187393E+04  0.162993E+04  0.3662E+07  0.374174E+01  0.1050E+03  0.1187E-01  0.1985E-01
  1.48912  0.187400E+04  0.162999E+04  0.3662E+07  0.373397E+01  0.1050E+03  0.1186E-01  0.1982E-01
  1.49958  0.187406E+04  0.163006E+04  0.3662E+07  0.372617E+01  0.1050E+03  0.1185E-01  0.1978E-01
  1.51010  0.187412E+04  0.163012E+04  0.3662E+07  0.371834E+01  0.1050E+03  0.1183E-01  0.1975E-01
  1.52065  0.187419E+04  0.163019E+04  0.3662E+07  0.371047E+01  0.1050E+03  0.1182E-01  0.1971E-01
  1.53126  0.187425E+04  0.163025E+04  0.3662E+07  0.370257E+01  0.1050E+03  0.1181E-01  0.1967E-01
  1.54191  0.187432E+04  0.163032E+04  0.3663E+07  0.369463E+01  0.1050E+03  0.1180E-01  0.1964E-01
  1.55260  0.187439E+04  0.163038E+04  0.3663E+07  0.368665E+01  0.1050E+03  0.1178E-01  0.1960E-01
  1.56335  0.187445E+04  0.163045E+04  0.3663E+07  0.367865E+01  0.1050E+03  0.1177E-01  0.1957E-01
  1.57414  0.187452E+04  0.163052E+04  0.3663E+07  0.367061E+01  0.1050E+03  0.1176E-01  0.1953E-01
  1.58497  0.187459E+04  0.163058E+04  0.3663E+07  0.366253E+01  0.1050E+03  0.1174E-01  0.1949E-01
  1.59586  0.187465E+04  0.163065E+04  0.3663E+07  0.365441E+01  0.1050E+03  0.1173E-01  0.1946E-01
  1.60679  0.187472E+04  0.163071E+04  0.3663E+07  0.364627E+01  0.1050E+03  0.1172E-01  0.1942E-01
  1.61777  0.187479E+04  0.163078E+04  0.3663E+07  0.363808E+01  0.1050E+03  0.1170E-01  0.1938E-01
  1.62879  0.187485E+04  0.163085E+04  0.3664E+07  0.362986E+01  0.1050E+03  0.1169E-01  0.1935E-01
  1.63987  0.187492E+04  0.163092E+04  0.3664E+07  0.362160E+01  0.1050E+03  0.1168E-01  0.1931E-01
  1.65099  0.187499E+04  0.163099E+04  0.3664E+07  0.361331E+01  0.1050E+03  0.1166E-01  0.1927E-01
  1.66216  0.187506E+04  0.163106E+04  0.3664E+07  0.360498E+01  0.1050E+03  0.1165E-01  0.1923E-01
  1.67338  0.187513E+04  0.163112E+04  0.3664E+07  0.359661E+01  0.1050E+03  0.1163E-01  0.1920E-01
  1.68465  0.187520E+04  0.163119E+04  0.3664E+07  0.358821E+01  0.1050E+03  0.1162E-01  0.1916E-01
  1.69597  0.187527E+04  0.163126E+04  0.3664E+07  0.357977E+01  0.1050E+03  0.1160E-01  0.1912E-01
  1.70733  0.187534E+04  0.163133E+04  0.3665E+07  0.357129E+01  0.1050E+03  0.1159E-01  0.1908E-01
  1.71875  0.187541E+04  0.163140E+04  0.3665E+07  0.356278E+01  0.1050E+03  0.1157E-01  0.1904E-01
  1.73022  0.187547E+04  0.163147E+04  0.3665E+07  0.355423E+01  0.1050E+03  0.1156E-01  0.1900E-01
  1.74173  0.187555E+04  0.163154E+04  0.3665E+07  0.354564E+01  0.1050E+03  0.1155E-01  0.1896E-01
  1.75330  0.187562E+04  0.163161E+04  0.3665E+07  0.353701E+01  0.1050E+03  0.1153E-01  0.1893E-01
  1.76491  0.187569E+04  0.163168E+04  0.3665E+07  0.352835E+01  0.1050E+03  0.1151E-01  0.1889E-01
  1.77658  0.187576E+04  0.163176E+04  0.3665E+07  0.351964E+01  0.1050E+03  0.1150E-01  0.1885E-01
  1.78830  0.187583E+04  0.163183E+04  0.3665E+07  0.351090E+01  0.1050E+03  0.1148E-01  0.1881E-01
  1.80007  0.187590E+04  0.163190E+04  0.3666E+07  0.350212E+01  0.1050E+03  0.1147E-01  0.1877E-01
  1.81189  0.187598E+04  0.163197E+04  0.3666E+07  0.349331E+01  0.1050E+03  0.1145E-01  0.1873E-01
  1.82376  0.187605E+04  0.163205E+04  0.3666E+07  0.348445E+01  0.1050E+03  0.1144E-01  0.1868E-01
  1.83568  0.187612E+04  0.163212E+04  0.3666E+07  0.347556E+01  0.1050E+03  0.1142E-01  0.1864E-01
  1.84766  0.187620E+04  0.163219E+04  0.3666E+07  0.346662E+01  0.1050E+03  0.1141E-01  0.1860E-01
  1.85968  0.187627E+04  0.163227E+04  0.3666E+07  0.345764E+01  0.1050E+03  0.1139E-01  0.1856E-01
  1.87176  0.187634E+04  0.163234E+04  0.3666E+07  0.344863E+01  0.1050E+03  0.1137E-01  0.1852E-01
  1.88390  0.187642E+04  0.163242E+04  0.3667E+07  0.343958E+01  0.1050E+03  0.1136E-01  0.1848E-01
  1.89608  0.187649E+04  0.163249E+04  0.3667E+07  0.343049E+01  0.1050E+03  0.1134E-01  0.1844E-01
  1.90832  0.187657E+04  0.163256E+04  0.3667E+07  0.342135E+01  0.1050E+03  0.1132E-01  0.1839E-01
  1.92061  0.187664E+04  0.163264E+04  0.3667E+07  0.341218E+01  0.1050E+03  0.1131E-01  0.1835E-01
  1.93295  0.187672E+04  0.163272E+04  0.3667E+07  0.340297E+01  0.1050E+03  0.1129E-01  0.1831E-01
  1.94535  0.187680E+04  0.163279E+04  0.3667E+07  0.339371E+01  0.1050E+03  0.1127E-01  0.1827E-01
  1.95781  0.187687E+04  0.163287E+04  0.3668E+07  0.338442E+01  0.1050E+03  0.1125E-01  0.1822E-01
  1.97031  0.187695E+04  0.163295E+04  0.3668E+07  0.337509E+01  0.1050E+03  0.1124E-01  0.1818E-01
  1.98288  0.187703E+04  0.163302E+04  0.3668E+07  0.336571E+01  0.1050E+03  0.1122E-01  0.1814E-01
  1.99549  0.187710E+04  0.163310E+04  0.3668E+07  0.335629E+01  0.1050E+03  0.1120E-01  0.1809E-01
  2.00816  0.187718E+04  0.163318E+04  0.3668E+07  0.334683E+01  0.1050E+03  0.1118E-01  0.1805E-01
  2.02089  0.187726E+04  0.163326E+04  0.3668E+07  0.333733E+01  0.1050E+03  0.1117E-01  0.1801E-01
  2.03367  0.187734E+04  0.163334E+04  0.3668E+07  0.332779E+01  0.1050E+03  0.1115E-01  0.1796E-01
  2.04651  0.187742E+04  0.163341E+04  0.3669E+07  0.331821E+01  0.1050E+03  0.1113E-01  0.1792E-01
  2.05940  0.187750E+04  0.163349E+04  0.3669E+07  0.330858E+01  0.1050E+03  0.1111E-01  0.1787E-01
  2.07235  0.187758E+04  0.163357E+04  0.3669E+07  0.329891E+01  0.1050E+03  0.1109E-01  0.1783E-01
  2.08536  0.187765E+04  0.163365E+04  0.3669E+07  0.328920E+01  0.1050E+03  0.1107E-01  0.1778E-01
  2.09842  0.187774E+04  0.163373E+04  0.3669E+07  0.327945E+01  0.1050E+03  0.1105E-01  0.1774E-01
  2.11154  0.187782E+04  0.163381E+04  0.3669E+07  0.326965E+01  0.1050E+03  0.1103E-01  0.1769E-01
  2.12472  0.187790E+04  0.163389E+04  0.3670E+07  0.325981E+01  0.1050E+03  0.1102E-01  0.1764E-01
  2.13795  0.187798E+04  0.163398E+04  0.3670E+07  0.324992E+01  0.1050E+03  0.1100E-01  0.1760E-01
  2.15124  0.187806E+04  0.163406E+04  0.3670E+07  0.324000E+01  0.1050E+03  0.1098E-01  0.1755E-01
  2.16459  0.187814E+04  0.163414E+04  0.3670E+07  0.323003E+01  0.1050E+03  0.1096E-01  0.1750E-01
  2.17800  0.187822E+04  0.163422E+04  0.3670E+07  0.322001E+01  0.1050E+03  0.1094E-01  0.1746E-01
  2.19147  0.187831E+04  0.163430E+04  0.3670E+07  0.320995E+01  0.1050E+03  0.1092E-01  0.1741E-01
  2.20499  0.187839E+04  0.163439E+04  0.3670E+07  0.319985E+01  0.1050E+03  0.1090E-01  0.1736E-01
  2.21858  0.187847E+04  0.163447E+04  0.3671E+07  0.318970E+01  0.1050E+03  0.1088E-01  0.1731E-01
  2.23222  0.187856E+04  0.163456E+04  0.3671E+07  0.317951E+01  0.1050E+03  0.1085E-01  0.1727E-01
  2.24593  0.187864E+04  0.163464E+04  0.3671E+07  0.316927E+01  0.1050E+03  0.1083E-01  0.1722E-01
  2.25969  0.187873E+04  0.163472E+04  0.3671E+07  0.315899E+01  0.1050E+03  0.1081E-01  0.1717E-01
  2.27351  0.187881E+04  0.163481E+04  0.3671E+07  0.314866E+01  0.1050E+03  0.1079E-01  0.1712E-01
  2.28740  0.187890E+04  0.163489E+04  0.3671E+07  0.313829E+01  0.1050E+03  0.1077E-01  0.1707E-01
  2.30134  0.187898E+04  0.163498E+04  0.3672E+07  0.312787E+01  0.1050E+03  0.1075E-01  0.1702E-01
  2.31534  0.187907E+04  0.163506E+04  0.3672E+07  0.311741E+01  0.1050E+03  0.1073E-01  0.1697E-01
  2.32941  0.187915E+04  0.163515E+04  0.3672E+07  0.310690E+01  0.1050E+03  0.1071E-01  0.1692E-01
  2.34354  0.187924E+04  0.163524E+04  0.3672E+07  0.309634E+01  0.1050E+03  0.1068E-01  0.1687E-01
  2.35773  0.187933E+04  0.163532E+04  0.3672E+07  0.308574E+01  0.1050E+03  0.1066E-01  0.1682E-01
  2.37198  0.187942E+04  0.163541E+04  0.3672E+07  0.307509E+01  0.1050E+03  0.1064E-01  0.1677E-01
  2.38629  0.187950E+04  0.163550E+04  0.3673E+07  0.306439E+01  0.1050E+03  0.1062E-01  0.1672E-01
  2.40066  0.187959E+04  0.163559E+04  0.3673E+07  0.305364E+01  0.1050E+03  0.1059E-01  0.1667E-01
  2.41510  0.187968E+04  0.163568E+04  0.3673E+07  0.304285E+01  0.1050E+03  0.1057E-01  0.1662E-01
  2.42960  0.187977E+04  0.163577E+04  0.3673E+07  0.303201E+01  0.1050E+03  0.1055E-01  0.1656E-01
  2.44417  0.187986E+04  0.163586E+04  0.3673E+07  0.302112E+01  0.1050E+03  0.1052E-01  0.1651E-01
  2.45879  0.187995E+04  0.163595E+04  0.3674E+07  0.301019E+01  0.1050E+03  0.1050E-01  0.1646E-01
  2.47349  0.188004E+04  0.163604E+04  0.3674E+07  0.299921E+01  0.1050E+03  0.1047E-01  0.1641E-01
  2.48824  0.188013E+04  0.163613E+04  0.3674E+07  0.298817E+01  0.1050E+03  0.1045E-01  0.1635E-01
  2.50306  0.188022E+04  0.163622E+04  0.3674E+07  0.297709E+01  0.1050E+03  0.1043E-01  0.1630E-01
  2.51795  0.188031E+04  0.163631E+04  0.3674E+07  0.296596E+01  0.1050E+03  0.1040E-01  0.1625E-01
  2.53290  0.188040E+04  0.163640E+04  0.3674E+07  0.295478E+01  0.1050E+03  0.1038E-01  0.1619E-01
  2.54791  0.188050E+04  0.163649E+04  0.3675E+07  0.294356E+01  0.1050E+03  0.1035E-01  0.1614E-01
  2.56299  0.188059E+04  0.163659E+04  0.3675E+07  0.293228E+01  0.1050E+03  0.1033E-01  0.1608E-01
  2.57814  0.188068E+04  0.163668E+04  0.3675E+07  0.292095E+01  0.1050E+03  0.1030E-01  0.1603E-01
  2.59335  0.188078E+04  0.163677E+04  0.3675E+07  0.290958E+01  0.1050E+03  0.1028E-01  0.1597E-01
  2.60863  0.188087E+04  0.163687E+04  0.3675E+07  0.289815E+01  0.1050E+03  0.1025E-01  0.1592E-01
  2.62397  0.188097E+04  0.163696E+04  0.3676E+07  0.288667E+01  0.1050E+03  0.1022E-01  0.1586E-01
  2.63939  0.188106E+04  0.163706E+04  0.3676E+07  0.287514E+01  0.1050E+03  0.1020E-01  0.1581E-01
  2.65487  0.188115E+04  0.163715E+04  0.3676E+07  0.286356E+01  0.1050E+03  0.1017E-01  0.1575E-01
  2.67041  0.188125E+04  0.163725E+04  0.3676E+07  0.285193E+01  0.1050E+03  0.1014E-01  0.1570E-01
  2.68603  0.188135E+04  0.163734E+04  0.3676E+07  0.284025E+01  0.1050E+03  0.1012E-01  0.1564E-01
  2.70171  0.188144E+04  0.163744E+04  0.3676E+07  0.282851E+01  0.1050E+03  0.1009E-01  0.1558E-01
  2.71747  0.188154E+04  0.163754E+04  0.3677E+07  0.281673E+01  0.1050E+03  0.1006E-01  0.1552E-01
  2.73329  0.188164E+04  0.163763E+04  0.3677E+07  0.280489E+01  0.1050E+03  0.1003E-01  0.1547E-01
  2.74918  0.188173E+04  0.163773E+04  0.3677E+07  0.279300E+01  0.1050E+03  0.1001E-01  0.1541E-01
  2.76514  0.188183E+04  0.163783E+04  0.3677E+07  0.278106E+01  0.1050E+03  0.9978E-02  0.1535E-01
  2.78116  0.188193E+04  0.163793E+04  0.3677E+07  0.276906E+01  0.1050E+03  0.9950E-02  0.1529E-01
  2.79726  0.188203E+04  0.163803E+04  0.3678E+07  0.275701E+01  0.1050E+03  0.9921E-02  0.1523E-01
  2.81343  0.188213E+04  0.163813E+04  0.3678E+07  0.274491E+01  0.1050E+03  0.9892E-02  0.1517E-01
  2.82967  0.188223E+04  0.163823E+04  0.3678E+07  0.273275E+01  0.1050E+03  0.9863E-02  0.1511E-01
  2.84598  0.188233E+04  0.163833E+04  0.3678E+07  0.272055E+01  0.1050E+03  0.9834E-02  0.1505E-01
  2.86237  0.188243E+04  0.163843E+04  0.3678E+07  0.270828E+01  0.1050E+03  0.9804E-02  0.1499E-01
  2.87882  0.188253E+04  0.163853E+04  0.3679E+07  0.269597E+01  0.1050E+03  0.9774E-02  0.1493E-01
  2.89535  0.188263E+04  0.163863E+04  0.3679E+07  0.268359E+01  0.1050E+03  0.9744E-02  0.1487E-01
  2.91194  0.188274E+04  0.163873E+04  0.3679E+07  0.267117E+01  0.1050E+03  0.9713E-02  0.1481E-01
  2.92861  0.188284E+04  0.163884E+04  0.3679E+07  0.265869E+01  0.1050E+03  0.9682E-02  0.1475E-01
  2.94536  0.188294E+04  0.163894E+04  0.3679E+07  0.264615E+01  0.1050E+03  0.9651E-02  0.1468E-01
  2.96217  0.188305E+04  0.163904E+04  0.3680E+07  0.263356E+01  0.1050E+03  0.9620E-02  0.1462E-01
  2.97906  0.188315E+04  0.163914E+04  0.3680E+07  0.262091E+01  0.1050E+03  0.9588E-02  0.1456E-01
  2.99603  0.188325E+04  0.163925E+04  0.3680E+07  0.260820E+01  0.1050E+03  0.9556E-02  0.1450E-01
  3.01307  0.188336E+04  0.163936E+04  0.3680E+07  0.259544E+01  0.1050E+03  0.9524E-02  0.1443E-01
  3.03018  0.188346E+04  0.163946E+04  0.3680E+07  0.258263E+01  0.1050E+03  0.9491E-02  0.1437E-01
  3.04737  0.188357E+04  0.163956E+04  0.3681E+07  0.256975E+01  0.1050E+03  0.9459E-02  0.1430E-01
  3.06463  0.188367E+04  0.163967E+04  0.3681E+07  0.255682E+01  0.1050E+03  0.9425E-02  0.1424E-01
  3.08197  0.188378E+04  0.163978E+04  0.3681E+07  0.254384E+01  0.1050E+03  0.9392E-02  0.1417E-01
  3.09938  0.188389E+04  0.163988E+04  0.3681E+07  0.253079E+01  0.1050E+03  0.9358E-02  0.1411E-01
  3.11687  0.188400E+04  0.163999E+04  0.3681E+07  0.251769E+01  0.1050E+03  0.9324E-02  0.1404E-01
  3.13444  0.188410E+04  0.164010E+04  0.3682E+07  0.250453E+01  0.1050E+03  0.9290E-02  0.1398E-01
  3.15208  0.188421E+04  0.164021E+04  0.3682E+07  0.249131E+01  0.1050E+03  0.9256E-02  0.1391E-01
  3.16980  0.188432E+04  0.164032E+04  0.3682E+07  0.247803E+01  0.1050E+03  0.9221E-02  0.1384E-01
  3.18760  0.188443E+04  0.164043E+04  0.3682E+07  0.246469E+01  0.1050E+03  0.9185E-02  0.1378E-01
  3.20547  0.188454E+04  0.164054E+04  0.3683E+07  0.245130E+01  0.1050E+03  0.9150E-02  0.1371E-01
  3.22343  0.188465E+04  0.164065E+04  0.3683E+07  0.243784E+01  0.1050E+03  0.9114E-02  0.1364E-01
  3.24146  0.188476E+04  0.164076E+04  0.3683E+07  0.242432E+01  0.1050E+03  0.9078E-02  0.1357E-01
  3.25957  0.188487E+04  0.164087E+04  0.3683E+07  0.241075E+01  0.1050E+03  0.9041E-02  0.1350E-01
  3.27776  0.188499E+04  0.164098E+04  0.3683E+07  0.239712E+01  0.1050E+03  0.9005E-02  0.1344E-01
  3.29603  0.188510E+04  0.164110E+04  0.3684E+07  0.238342E+01  0.1050E+03  0.8967E-02  0.1337E-01
  3.31438  0.188521E+04  0.164121E+04  0.3684E+07  0.236967E+01  0.1050E+03  0.8930E-02  0.1330E-01
  3.33281  0.188532E+04  0.164132E+04  0.3684E+07  0.235585E+01  0.1050E+03  0.8892E-02  0.1323E-01
  3.35132  0.188544E+04  0.164143E+04  0.3684E+07  0.234197E+01  0.1050E+03  0.8854E-02  0.1315E-01
  3.36992  0.188555E+04  0.164155E+04  0.3684E+07  0.232803E+01  0.1050E+03  0.8815E-02  0.1308E-01
  3.38859  0.188567E+04  0.164166E+04  0.3685E+07  0.231403E+01  0.1050E+03  0.8777E-02  0.1301E-01
  3.40735  0.188578E+04  0.164178E+04  0.3685E+07  0.229996E+01  0.1050E+03  0.8737E-02  0.1294E-01
  3.42618  0.188590E+04  0.164190E+04  0.3685E+07  0.228584E+01  0.1050E+03  0.8698E-02  0.1287E-01
  3.44510  0.188602E+04  0.164201E+04  0.3685E+07  0.227165E+01  0.1050E+03  0.8658E-02  0.1280E-01
  3.46411  0.188613E+04  0.164213E+04  0.3686E+07  0.225739E+01  0.1050E+03  0.8618E-02  0.1272E-01
  3.48319  0.188625E+04  0.164225E+04  0.3686E+07  0.224308E+01  0.1050E+03  0.8577E-02  0.1265E-01
  3.50236  0.188637E+04  0.164237E+04  0.3686E+07  0.222870E+01  0.1050E+03  0.8536E-02  0.1257E-01
  3.52161  0.188649E+04  0.164248E+04  0.3686E+07  0.221425E+01  0.1050E+03  0.8494E-02  0.1250E-01
  3.54095  0.188661E+04  0.164260E+04  0.3687E+07  0.219975E+01  0.1050E+03  0.8453E-02  0.1243E-01
  3.56037  0.188673E+04  0.164272E+04  0.3687E+07  0.218518E+01  0.1050E+03  0.8411E-02  0.1235E-01
  3.57988  0.188685E+04  0.164284E+04  0.3687E+07  0.217054E+01  0.1050E+03  0.8368E-02  0.1227E-01
  3.59947  0.188697E+04  0.164296E+04  0.3687E+07  0.215584E+01  0.1050E+03  0.8325E-02  0.1220E-01
  3.61915  0.188709E+04  0.164308E+04  0.3687E+07  0.214107E+01  0.1050E+03  0.8282E-02  0.1212E-01
  3.63892  0.188721E+04  0.164321E+04  0.3688E+07  0.212624E+01  0.1050E+03  0.8238E-02  0.1205E-01
  3.65877  0.188733E+04  0.164333E+04  0.3688E+07  0.211134E+01  0.1050E+03  0.8194E-02  0.1197E-01
  3.67871  0.188745E+04  0.164345E+04  0.3688E+07  0.209638E+01  0.1050E+03  0.8150E-02  0.1189E-01
  3.69873  0.188758E+04  0.164357E+04  0.3688E+07  0.208135E+01  0.1050E+03  0.8105E-02  0.1181E-01
  3.71885  0.188770E+04  0.164370E+04  0.3689E+07  0.206625E+01  0.1050E+03  0.8059E-02  0.1173E-01
  3.73905  0.188783E+04  0.164382E+04  0.3689E+07  0.205108E+01  0.1050E+03  0.8014E-02  0.1165E-01
  3.75934  0.188795E+04  0.164395E+04  0.3689E+07  0.203585E+01  0.1050E+03  0.7967E-02  0.1157E-01
  3.77972  0.188808E+04  0.164407E+04  0.3689E+07  0.202055E+01  0.1050E+03  0.7921E-02  0.1149E-01
  3.80019  0.188820E+04  0.164420E+04  0.3690E+07  0.200518E+01  0.1050E+03  0.7874E-02  0.1141E-01
  3.82074  0.188833E+04  0.164433E+04  0.3690E+07  0.198975E+01  0.1050E+03  0.7826E-02  0.1133E-01
  3.84139  0.188846E+04  0.164445E+04  0.3690E+07  0.197424E+01  0.1050E+03  0.7779E-02  0.1125E-01
  3.86213  0.188858E+04  0.164458E+04  0.3690E+07  0.195867E+01  0.1050E+03  0.7730E-02  0.1117E-01
  3.88296  0.188871E+04  0.164471E+04  0.3691E+07  0.194302E+01  0.1050E+03  0.7682E-02  0.1109E-01
  3.90388  0.188884E+04  0.164484E+04  0.3691E+07  0.192731E+01  0.1050E+03  0.7632E-02  0.1100E-01
  3.92489  0.188897E+04  0.164497E+04  0.3691E+07  0.191153E+01  0.1050E+03  0.7583E-02  0.1092E-01
  3.94600  0.188910E+04  0.164510E+04  0.3691E+07  0.189567E+01  0.1050E+03  0.7533E-02  0.1084E-01
  3.96720  0.188923E+04  0.164523E+04  0.3692E+07  0.187975E+01  0.1050E+03  0.7482E-02  0.1075E-01
  3.98849  0.188936E+04  0.164536E+04  0.3692E+07  0.186375E+01  0.1050E+03  0.7431E-02  0.1067E-01
  4.00987  0.188949E+04  0.164549E+04  0.3692E+07  0.184768E+01  0.1050E+03  0.7380E-02  0.1058E-01
  4.03135  0.188963E+04  0.164562E+04  0.3692E+07  0.183155E+01  0.1050E+03  0.7328E-02  0.1050E-01
  4.05292  0.188976E+04  0.164576E+04  0.3693E+07  0.181534E+01  0.1050E+03  0.7275E-02  0.1041E-01
  4.07458  0.188989E+04  0.164589E+04  0.3693E+07  0.179905E+01  0.1050E+03  0.7222E-02  0.1032E-01
  4.09635  0.189003E+04  0.164602E+04  0.3693E+07  0.178270E+01  0.1050E+03  0.7169E-02  0.1024E-01
  4.11820  0.189016E+04  0.164616E+04  0.3693E+07  0.176627E+01  0.1050E+03  0.7115E-02  0.1015E-01
  4.14016  0.189030E+04  0.164629E+04  0.3694E+07  0.174977E+01  0.1050E+03  0.7061E-02  0.1006E-01
  4.16220  0.189043E+04  0.164643E+04  0.3694E+07  0.173320E+01  0.1050E+03  0.7006E-02  0.9971E-02
  4.18435  0.189057E+04  0.164657E+04  0.3694E+07  0.171655E+01  0.1050E+03  0.6951E-02  0.9881E-02
  4.20659  0.189071E+04  0.164670E+04  0.3695E+07  0.169982E+01  0.1050E+03  0.6895E-02  0.9791E-02
  4.22893  0.189085E+04  0.164684E+04  0.3695E+07  0.168303E+01  0.1050E+03  0.6838E-02  0.9701E-02
  4.25137  0.189098E+04  0.164698E+04  0.3695E+07  0.166616E+01  0.1050E+03  0.6781E-02  0.9610E-02
  4.27391  0.189112E+04  0.164712E+04  0.3695E+07  0.164921E+01  0.1050E+03  0.6724E-02  0.9518E-02
  4.29655  0.189126E+04  0.164726E+04  0.3696E+07  0.163218E+01  0.1050E+03  0.6666E-02  0.9426E-02
  4.31928  0.189140E+04  0.164740E+04  0.3696E+07  0.161508E+01  0.1050E+03  0.6607E-02  0.9334E-02
  4.34212  0.189154E+04  0.164754E+04  0.3696E+07  0.159791E+01  0.1050E+03  0.6548E-02  0.9240E-02
  4.36505  0.189169E+04  0.164768E+04  0.3696E+07  0.158066E+01  0.1050E+03  0.6489E-02  0.9147E-02
  4.38809  0.189183E+04  0.164782E+04  0.3697E+07  0.156333E+01  0.1050E+03  0.6429E-02  0.9053E-02
  4.41122  0.189197E+04  0.164797E+04  0.3697E+07  0.154592E+01  0.1050E+03  0.6368E-02  0.8958E-02
  4.43446  0.189211E+04  0.164811E+04  0.3697E+07  0.152844E+01  0.1050E+03  0.6307E-02  0.8862E-02
  4.45780  0.189226E+04  0.164825E+04  0.3698E+07  0.151087E+01  0.1050E+03  0.6245E-02  0.8766E-02
  4.48125  0.189240E+04  0.164840E+04  0.3698E+07  0.149323E+01  0.1050E+03  0.6182E-02  0.8670E-02
  4.50479  0.189255E+04  0.164854E+04  0.3698E+07  0.147551E+01  0.1050E+03  0.6119E-02  0.8573E-02
  4.52844  0.189269E+04  0.164869E+04  0.3698E+07  0.145771E+01  0.1050E+03  0.6056E-02  0.8475E-02
  4.55220  0.189284E+04  0.164884E+04  0.3699E+07  0.143984E+01  0.1050E+03  0.5992E-02  0.8377E-02
  4.57605  0.189299E+04  0.164898E+04  0.3699E+07  0.142188E+01  0.1050E+03  0.5927E-02  0.8278E-02
  4.60002  0.189313E+04  0.164913E+04  0.3699E+07  0.140384E+01  0.1050E+03  0.5862E-02  0.8179E-02
  4.62409  0.189329E+04  0.164929E+04  0.3700E+07  0.138572E+01  0.1050E+03  0.5796E-02  0.8079E-02
  4.64826  0.189353E+04  0.164953E+04  0.3700E+07  0.136752E+01  0.1050E+03  0.5729E-02  0.7978E-02
  4.67254  0.189387E+04  0.164987E+04  0.3701E+07  0.134923E+01  0.1050E+03  0.5662E-02  0.7877E-02
  4.69693  0.189432E+04  0.165032E+04  0.3702E+07  0.133087E+01  0.1050E+03  0.5594E-02  0.7775E-02
  4.72142  0.189489E+04  0.165088E+04  0.3703E+07  0.131241E+01  0.1050E+03  0.5526E-02  0.7673E-02
  4.74602  0.189556E+04  0.165155E+04  0.3704E+07  0.129387E+01  0.1050E+03  0.5456E-02  0.7570E-02
  4.77073  0.189633E+04  0.165233E+04  0.3706E+07  0.127524E+01  0.1050E+03  0.5387E-02  0.7466E-02
  4.79555  0.189720E+04  0.165320E+04  0.3707E+07  0.125653E+01  0.1050E+03  0.5316E-02  0.7362E-02
  4.82048  0.189817E+04  0.165417E+04  0.3709E+07  0.123771E+01  0.1050E+03  0.5245E-02  0.7257E-02
  4.84552  0.189923E+04  0.165523E+04  0.3711E+07  0.121881E+01  0.1050E+03  0.5173E-02  0.7151E-02
  4.87067  0.190039E+04  0.165638E+04  0.3713E+07  0.119981E+01  0.1050E+03  0.5101E-02  0.7045E-02
  4.89593  0.190164E+04  0.165763E+04  0.3716E+07  0.118072E+01  0.1050E+03  0.5028E-02  0.6938E-02
  4.92130  0.190297E+04  0.165897E+04  0.3719E+07  0.116153E+01  0.1050E+03  0.4954E-02  0.6830E-02
  4.94678  0.190439E+04  0.166039E+04  0.3721E+07  0.114224E+01  0.1050E+03  0.4879E-02  0.6721E-02
  4.97237  0.190590E+04  0.166189E+04  0.3724E+07  0.112286E+01  0.1050E+03  0.4804E-02  0.6612E-02
  4.99808  0.190748E+04  0.166348E+04  0.3727E+07  0.110337E+01  0.1050E+03  0.4728E-02  0.6502E-02
  5.02390  0.190915E+04  0.166514E+04  0.3731E+07  0.108377E+01  0.1050E+03  0.4651E-02  0.6391E-02
  5.04984  0.191089E+04  0.166689E+04  0.3734E+07  0.106408E+01  0.1050E+03  0.4573E-02  0.6280E-02
  5.07589  0.191272E+04  0.166871E+04  0.3738E+07  0.104427E+01  0.1050E+03  0.4495E-02  0.6168E-02
  5.10206  0.191461E+04  0.167061E+04  0.3741E+07  0.102436E+01  0.1050E+03  0.4415E-02  0.6055E-02
  5.12834  0.191659E+04  0.167258E+04  0.3745E+07  0.100434E+01  0.1050E+03  0.4335E-02  0.5941E-02
  5.15474  0.191863E+04  0.167463E+04  0.3749E+07  0.984219E+00  0.1050E+03  0.4255E-02  0.5826E-02
  5.18126  0.192075E+04  0.167674E+04  0.3753E+07  0.963979E+00  0.1050E+03  0.4173E-02  0.5711E-02
  5.20790  0.192293E+04  0.167893E+04  0.3758E+07  0.943628E+00  0.1050E+03  0.4090E-02  0.5594E-02
  5.23465  0.192519E+04  0.168119E+04  0.3762E+07  0.923162E+00  0.1050E+03  0.4007E-02  0.5477E-02
  5.26153  0.192752E+04  0.168351E+04  0.3766E+07  0.902579E+00  0.1050E+03  0.3923E-02  0.5359E-02
  5.28852  0.192991E+04  0.168590E+04  0.3771E+07  0.881881E+00  0.1050E+03  0.3838E-02  0.5241E-02
  5.31563  0.193236E+04  0.168836E+04  0.3776E+07  0.861064E+00  0.1050E+03  0.3752E-02  0.5121E-02
  5.34287  0.193489E+04  0.169088E+04  0.3781E+07  0.840127E+00  0.1050E+03  0.3665E-02  0.5000E-02
  5.37023  0.193748E+04  0.169347E+04  0.3786E+07  0.819068E+00  0.1050E+03  0.3577E-02  0.4879E-02
  5.39771  0.194013E+04  0.169612E+04  0.3791E+07  0.797886E+00  0.1050E+03  0.3489E-02  0.4756E-02
  5.42532  0.194284E+04  0.169884E+04  0.3796E+07  0.776580E+00  0.1050E+03  0.3399E-02  0.4633E-02
  5.45305  0.194562E+04  0.170162E+04  0.3802E+07  0.755146E+00  0.1050E+03  0.3308E-02  0.4509E-02
  5.48090  0.194846E+04  0.170445E+04  0.3807E+07  0.733587E+00  0.1050E+03  0.3217E-02  0.4384E-02
  5.50888  0.195136E+04  0.170735E+04  0.3813E+07  0.711897E+00  0.1050E+03  0.3124E-02  0.4257E-02
  5.53699  0.195431E+04  0.171031E+04  0.3819E+07  0.690078E+00  0.1050E+03  0.3031E-02  0.4130E-02
  5.54302  0.192922E+04  0.168522E+04  0.3770E+07  0.668497E+00  0.1050E+03  0.2938E-02  0.4004E-02
  5.54861  0.190413E+04  0.166012E+04  0.3721E+07  0.664107E+00  0.1050E+03  0.2920E-02  0.3979E-02
  5.55406  0.187904E+04  0.163503E+04  0.3672E+07  0.660115E+00  0.1050E+03  0.2902E-02  0.3955E-02
  5.55952  0.185394E+04  0.160994E+04  0.3623E+07  0.656267E+00  0.1050E+03  0.2886E-02  0.3933E-02
  5.56506  0.182885E+04  0.158485E+04  0.3574E+07  0.652474E+00  0.1050E+03  0.2870E-02  0.3911E-02
  5.57073  0.180376E+04  0.155975E+04  0.3525E+07  0.648676E+00  0.1050E+03  0.2854E-02  0.3888E-02
  5.57658  0.177866E+04  0.153466E+04  0.3476E+07  0.644833E+00  0.1050E+03  0.2837E-02  0.3866E-02
  5.58265  0.175357E+04  0.150957E+04  0.3427E+07  0.640923E+00  0.1050E+03  0.2821E-02  0.3843E-02
  5.58898  0.172848E+04  0.148447E+04  0.3378E+07  0.636910E+00  0.1050E+03  0.2804E-02  0.3820E-02
  5.59561  0.170338E+04  0.145938E+04  0.3329E+07  0.632784E+00  0.1050E+03  0.2786E-02  0.3795E-02
  5.60257  0.167829E+04  0.143429E+04  0.3279E+07  0.628512E+00  0.1050E+03  0.2768E-02  0.3770E-02
  5.60990  0.165320E+04  0.140919E+04  0.3230E+07  0.624085E+00  0.1050E+03  0.2749E-02  0.3744E-02
  5.61765  0.162811E+04  0.138410E+04  0.3181E+07  0.619474E+00  0.1050E+03  0.2730E-02  0.3717E-02
  5.62586  0.160301E+04  0.135901E+04  0.3132E+07  0.614664E+00  0.1050E+03  0.2709E-02  0.3689E-02
  5.63458  0.157792E+04  0.133392E+04  0.3083E+07  0.609635E+00  0.1050E+03  0.2688E-02  0.3660E-02
  5.64384  0.155283E+04  0.130882E+04  0.3034E+07  0.604370E+00  0.1050E+03  0.2666E-02  0.3629E-02
  5.65369  0.152773E+04  0.128373E+04  0.2985E+07  0.598846E+00  0.1050E+03  0.2642E-02  0.3596E-02
  5.66419  0.150264E+04  0.125864E+04  0.2936E+07  0.593048E+00  0.1050E+03  0.2618E-02  0.3562E-02
  5.67538  0.147755E+04  0.123354E+04  0.2887E+07  0.586961E+00  0.1050E+03  0.2592E-02  0.3527E-02
  5.68729  0.145245E+04  0.120845E+04  0.2838E+07  0.580571E+00  0.1050E+03  0.2565E-02  0.3489E-02
  5.69996  0.142736E+04  0.118336E+04  0.2789E+07  0.573867E+00  0.1050E+03  0.2536E-02  0.3450E-02
  5.71344  0.140227E+04  0.115827E+04  0.2740E+07  0.566841E+00  0.1050E+03  0.2506E-02  0.3408E-02
  5.72774  0.137718E+04  0.113317E+04  0.2691E+07  0.559491E+00  0.1050E+03  0.2475E-02  0.3365E-02
  5.74288  0.135208E+04  0.110808E+04  0.2642E+07  0.551819E+00  0.1050E+03  0.2443E-02  0.3320E-02
  5.75890  0.132699E+04  0.108299E+04  0.2593E+07  0.543826E+00  0.1050E+03  0.2409E-02  0.3273E-02
  5.77580  0.130190E+04  0.105789E+04  0.2544E+07  0.535518E+00  0.1050E+03  0.2373E-02  0.3224E-02
  5.79360  0.127680E+04  0.103280E+04  0.2495E+07  0.526908E+00  0.1050E+03  0.2337E-02  0.3173E-02
  5.81230  0.125171E+04  0.100771E+04  0.2446E+07  0.518005E+00  0.1050E+03  0.2299E-02  0.3120E-02
  5.83192  0.122662E+04  0.982614E+03  0.2397E+07  0.508824E+00  0.1050E+03  0.2260E-02  0.3066E-02
  5.85246  0.120152E+04  0.957521E+03  0.2348E+07  0.499375E+00  0.1050E+03  0.2219E-02  0.3010E-02
  5.87394  0.117643E+04  0.932428E+03  0.2299E+07  0.489674E+00  0.1050E+03  0.2178E-02  0.2953E-02
  5.89637  0.115134E+04  0.907335E+03  0.2250E+07  0.479732E+00  0.1050E+03  0.2136E-02  0.2894E-02
  5.91977  0.112625E+04  0.882242E+03  0.2201E+07  0.469564E+00  0.1050E+03  0.2092E-02  0.2834E-02
  5.94414  0.110115E+04  0.857149E+03  0.2152E+07  0.459182E+00  0.1050E+03  0.2048E-02  0.2772E-02
  5.96951  0.107606E+04  0.833834E+03  0.2103E+07  0.448599E+00  0.1050E+03  0.2003E-02  0.2709E-02
  5.99589  0.105097E+04  0.811170E+03  0.2054E+07  0.437826E+00  0.1050E+03  0.1957E-02  0.2645E-02
  6.02330  0.102587E+04  0.788547E+03  0.2005E+07  0.426877E+00  0.1050E+03  0.1910E-02  0.2580E-02
  6.05177  0.100078E+04  0.765967E+03  0.1956E+07  0.415764E+00  0.1050E+03  0.1862E-02  0.2514E-02
  6.08131  0.975688E+03  0.743431E+03  0.1907E+07  0.404499E+00  0.1050E+03  0.1814E-02  0.2447E-02
  6.11121  0.951197E+03  0.721481E+03  0.1859E+07  0.393095E+00  0.1050E+03  0.1764E-02  0.2379E-02
  6.14118  0.927494E+03  0.700278E+03  0.1812E+07  0.381837E+00  0.1050E+03  0.1716E-02  0.2312E-02
  6.17121  0.904515E+03  0.679766E+03  0.1767E+07  0.370836E+00  0.1050E+03  0.1669E-02  0.2246E-02
  6.20131  0.882209E+03  0.659895E+03  0.1724E+07  0.360084E+00  0.1050E+03  0.1622E-02  0.2182E-02
  6.23147  0.860531E+03  0.640624E+03  0.1682E+07  0.349572E+00  0.1050E+03  0.1577E-02  0.2119E-02
  6.26169  0.839444E+03  0.621917E+03  0.1640E+07  0.339298E+00  0.1050E+03  0.1532E-02  0.2057E-02
  6.29198  0.818913E+03  0.603741E+03  0.1600E+07  0.329256E+00  0.1050E+03  0.1488E-02  0.1997E-02
  6.32232  0.798906E+03  0.586066E+03  0.1561E+07  0.319439E+00  0.1050E+03  0.1446E-02  0.1938E-02
  6.35272  0.779396E+03  0.568868E+03  0.1523E+07  0.309844E+00  0.1050E+03  0.1404E-02  0.1881E-02
  6.38317  0.760357E+03  0.552121E+03  0.1486E+07  0.300465E+00  0.1050E+03  0.1363E-02  0.1824E-02
  6.41368  0.741769E+03  0.535806E+03  0.1449E+07  0.291299E+00  0.1050E+03  0.1323E-02  0.1769E-02
  6.44424  0.723609E+03  0.519903E+03  0.1414E+07  0.282341E+00  0.1050E+03  0.1284E-02  0.1716E-02
  6.47486  0.705859E+03  0.504393E+03  0.1379E+07  0.273587E+00  0.1050E+03  0.1245E-02  0.1663E-02
  6.50552  0.688502E+03  0.489457E+03  0.1345E+07  0.265032E+00  0.1050E+03  0.1208E-02  0.1611E-02
  6.53624  0.671522E+03  0.475617E+03  0.1312E+07  0.256676E+00  0.1050E+03  0.1171E-02  0.1561E-02
  6.56700  0.654905E+03  0.462099E+03  0.1280E+07  0.248511E+00  0.1050E+03  0.1135E-02  0.1512E-02
  6.59782  0.638638E+03  0.448893E+03  0.1248E+07  0.240537E+00  0.1050E+03  0.1100E-02  0.1464E-02
  6.62867  0.622706E+03  0.435986E+03  0.1217E+07  0.232749E+00  0.1050E+03  0.1066E-02  0.1417E-02
  6.65958  0.607102E+03  0.423370E+03  0.1186E+07  0.225144E+00  0.1050E+03  0.1032E-02  0.1371E-02
  6.69053  0.591813E+03  0.411035E+03  0.1156E+07  0.217718E+00  0.1050E+03  0.9991E-03  0.1326E-02
  6.72152  0.576829E+03  0.398972E+03  0.1127E+07  0.210471E+00  0.1050E+03  0.9670E-03  0.1282E-02
  6.75255  0.562142E+03  0.387173E+03  0.1098E+07  0.203396E+00  0.1050E+03  0.9355E-03  0.1239E-02
  6.78363  0.547742E+03  0.375631E+03  0.1070E+07  0.196493E+00  0.1050E+03  0.9048E-03  0.1198E-02
  6.81475  0.533623E+03  0.364339E+03  0.1043E+07  0.189759E+00  0.1050E+03  0.8747E-03  0.1157E-02
  6.84590  0.519776E+03  0.353289E+03  0.1016E+07  0.183190E+00  0.1050E+03  0.8454E-03  0.1117E-02
  6.87709  0.506195E+03  0.342477E+03  0.9891E+06  0.176783E+00  0.1050E+03  0.8167E-03  0.1078E-02
  6.90833  0.492872E+03  0.331895E+03  0.9631E+06  0.170537E+00  0.1050E+03  0.7887E-03  0.1040E-02
  6.93959  0.479803E+03  0.321539E+03  0.9376E+06  0.164449E+00  0.1050E+03  0.7614E-03  0.1004E-02
  6.97090  0.466982E+03  0.311404E+03  0.9125E+06  0.158515E+00  0.1050E+03  0.7347E-03  0.9675E-03
  7.00223  0.454402E+03  0.301483E+03  0.8879E+06  0.152734E+00  0.1050E+03  0.7087E-03  0.9324E-03
  7.03360  0.442059E+03  0.291774E+03  0.8638E+06  0.147102E+00  0.1050E+03  0.6833E-03  0.8982E-03
  7.06501  0.429947E+03  0.282271E+03  0.8401E+06  0.141619E+00  0.1050E+03  0.6586E-03  0.8649E-03
  7.09644  0.418064E+03  0.272970E+03  0.8169E+06  0.136280E+00  0.1050E+03  0.6344E-03  0.8325E-03
  7.12791  0.406403E+03  0.263868E+03  0.7941E+06  0.131084E+00  0.1050E+03  0.6109E-03  0.8009E-03
  7.15941  0.394961E+03  0.254960E+03  0.7718E+06  0.126030E+00  0.1050E+03  0.5879E-03  0.7702E-03
  7.19094  0.383734E+03  0.246243E+03  0.7498E+06  0.121112E+00  0.1050E+03  0.5656E-03  0.7402E-03
  7.22249  0.372719E+03  0.237714E+03  0.7283E+06  0.116330E+00  0.1050E+03  0.5438E-03  0.7111E-03
  7.25408  0.361911E+03  0.229370E+03  0.7072E+06  0.111682E+00  0.1050E+03  0.5226E-03  0.6828E-03
  7.28569  0.351308E+03  0.221207E+03  0.6865E+06  0.107165E+00  0.1050E+03  0.5020E-03  0.6553E-03
  7.31732  0.340907E+03  0.213222E+03  0.6662E+06  0.102777E+00  0.1050E+03  0.4819E-03  0.6286E-03
  7.34899  0.330703E+03  0.205412E+03  0.6462E+06  0.985168E-01  0.1050E+03  0.4624E-03  0.6026E-03
  7.38067  0.320696E+03  0.197776E+03  0.6267E+06  0.943802E-01  0.1050E+03  0.4435E-03  0.5774E-03
  7.41239  0.310880E+03  0.190309E+03  0.6075E+06  0.903670E-01  0.1050E+03  0.4250E-03  0.5529E-03
  7.44412  0.301255E+03  0.183010E+03  0.5887E+06  0.864738E-01  0.1050E+03  0.4071E-03  0.5292E-03
  7.47588  0.291816E+03  0.175876E+03  0.5702E+06  0.826993E-01  0.1050E+03  0.3897E-03  0.5062E-03
  7.50766  0.282563E+03  0.168905E+03  0.5521E+06  0.790403E-01  0.1050E+03  0.3729E-03  0.4838E-03
  7.53946  0.273492E+03  0.162094E+03  0.5344E+06  0.754957E-01  0.1050E+03  0.3565E-03  0.4622E-03
  7.57128  0.264602E+03  0.155442E+03  0.5170E+06  0.720628E-01  0.1050E+03  0.3406E-03  0.4412E-03
  7.60313  0.255890E+03  0.148946E+03  0.5000E+06  0.687398E-01  0.1050E+03  0.3252E-03  0.4209E-03
  7.63499  0.247353E+03  0.142603E+03  0.4833E+06  0.655248E-01  0.1050E+03  0.3103E-03  0.4013E-03
  7.66687  0.238991E+03  0.136413E+03  0.4670E+06  0.624165E-01  0.1050E+03  0.2958E-03  0.3823E-03
  7.69877  0.230801E+03  0.130373E+03  0.4510E+06  0.594112E-01  0.1050E+03  0.2819E-03  0.3639E-03
  7.73068  0.222782E+03  0.124481E+03  0.4353E+06  0.565078E-01  0.1050E+03  0.2683E-03  0.3462E-03
  7.76262  0.214930E+03  0.118735E+03  0.4200E+06  0.537040E-01  0.1050E+03  0.2553E-03  0.3290E-03
  7.79457  0.207245E+03  0.113133E+03  0.4050E+06  0.509982E-01  0.1050E+03  0.2426E-03  0.3125E-03
  7.82653  0.199725E+03  0.107674E+03  0.3903E+06  0.483889E-01  0.1050E+03  0.2304E-03  0.2965E-03
  7.85851  0.192369E+03  0.102356E+03  0.3759E+06  0.458739E-01  0.1050E+03  0.2186E-03  0.2812E-03
  7.89051  0.185173E+03  0.971757E+02  0.3618E+06  0.434498E-01  0.1050E+03  0.2073E-03  0.2663E-03
  7.92252  0.178138E+03  0.921332E+02  0.3481E+06  0.411161E-01  0.1050E+03  0.1963E-03  0.2520E-03
  7.95454  0.171261E+03  0.872261E+02  0.3347E+06  0.388707E-01  0.1050E+03  0.1857E-03  0.2383E-03
  7.98658  0.164542E+03  0.824526E+02  0.3215E+06  0.367119E-01  0.1050E+03  0.1756E-03  0.2251E-03
  8.01862  0.157977E+03  0.778107E+02  0.3087E+06  0.346370E-01  0.1050E+03  0.1658E-03  0.2124E-03
  8.05068  0.151567E+03  0.732991E+02  0.2962E+06  0.326449E-01  0.1050E+03  0.1564E-03  0.2002E-03
  8.08276  0.145310E+03  0.689159E+02  0.2839E+06  0.307334E-01  0.1050E+03  0.1474E-03  0.1885E-03
  8.11484  0.139203E+03  0.646594E+02  0.2720E+06  0.288998E-01  0.1050E+03  0.1387E-03  0.1772E-03
  8.14693  0.133247E+03  0.605275E+02  0.2604E+06  0.271447E-01  0.1050E+03  0.1304E-03  0.1665E-03
  8.17904  0.127439E+03  0.565185E+02  0.2490E+06  0.254636E-01  0.1050E+03  0.1224E-03  0.1562E-03
  8.21115  0.121779E+03  0.526308E+02  0.2380E+06  0.238561E-01  0.1050E+03  0.1147E-03  0.1463E-03
  8.24328  0.116265E+03  0.488620E+02  0.2272E+06  0.223199E-01  0.1050E+03  0.1074E-03  0.1369E-03
  8.27541  0.110896E+03  0.452105E+02  0.2167E+06  0.208529E-01  0.1050E+03  0.1005E-03  0.1279E-03
  8.30755  0.105670E+03  0.416737E+02  0.2065E+06  0.194546E-01  0.1050E+03  0.9380E-04  0.1193E-03
  8.33970  0.100587E+03  0.382497E+02  0.1966E+06  0.181222E-01  0.1050E+03  0.8744E-04  0.1112E-03
  8.37185  0.956445E+02  0.349358E+02  0.1869E+06  0.168535E-01  0.1050E+03  0.8138E-04  0.1034E-03
  8.40402  0.908421E+02  0.317295E+02  0.1775E+06  0.156480E-01  0.1050E+03  0.7561E-04  0.9601E-04
  8.43619  0.861789E+02  0.286278E+02  0.1684E+06  0.145024E-01  0.1050E+03  0.7013E-04  0.8898E-04
  8.46837  0.816530E+02  0.256274E+02  0.1596E+06  0.134167E-01  0.1050E+03  0.6492E-04  0.8233E-04
  8.50055  0.772638E+02  0.227245E+02  0.1510E+06  0.123877E-01  0.1050E+03  0.5999E-04  0.7601E-04
  8.53274  0.730099E+02  0.199144E+02  0.1427E+06  0.114142E-01  0.1050E+03  0.5531E-04  0.7004E-04
  8.56494  0.688901E+02  0.171920E+02  0.1346E+06  0.104953E-01  0.1050E+03  0.5089E-04  0.6441E-04
